desc: I1 cache:         32768 B, 64 B, 2-way associative
desc: D1 cache:         32768 B, 64 B, 8-way associative
desc: LL cache:         4194304 B, 64 B, 2-way associative
cmd: ./a.out
events: Ir I1mr ILmr Dr D1mr DLmr Dw D1mw DLmw 
fl=/build/glibc-mXZSwJ/glibc-2.24/csu/../csu/init-first.c
fn=_init
52 8 1 1 0 0 0 4 0 0
58 4 1 1 1 0 0 1 1 1
65 5 1 1 4 0 0 0 0 0
70 1 0 0 0 0 0 1 1 1
71 1 0 0 0 0 0 1 1 1
72 2 0 0 1 1 0 1 1 1
86 4 0 0 0 0 0 1 0 0
94 1 0 0 0 0 0 1 0 0
99 6 0 0 5 0 0 0 0 0
fl=/build/glibc-mXZSwJ/glibc-2.24/csu/../csu/libc-start.c
fn=(below main)
134 10 1 1 0 0 0 8 0 0
138 6 1 1 1 0 0 1 0 0
220 2 0 0 0 0 0 0 0 0
221 4 0 0 0 0 0 1 0 0
243 4 0 0 2 0 0 0 0 0
246 2 0 0 0 0 0 0 0 0
247 5 0 0 4 0 0 1 0 0
251 4 1 1 2 1 0 0 0 0
266 2 0 0 0 0 0 0 0 0
278 2 0 0 0 0 0 1 0 0
279 2 0 0 0 0 0 0 0 0
284 2 0 0 1 1 0 1 0 0
285 2 0 0 1 1 0 1 0 0
288 2 0 0 0 0 0 1 0 0
291 6 0 0 5 0 0 1 0 0
325 2 1 1 0 0 0 0 0 0
fl=/build/glibc-mXZSwJ/glibc-2.24/csu/../sysdeps/generic/dl-hash.h
fn=_init
45 12 0 0 4 0 0 0 0 0
48 12 0 0 0 0 0 0 0 0
62 16 0 0 0 0 0 0 0 0
67 1 0 0 0 0 0 0 0 0
fl=/build/glibc-mXZSwJ/glibc-2.24/csu/../sysdeps/unix/sysv/linux/x86_64/init-first.c
fn=_init
36 10 2 2 0 0 0 4 0 0
38 4 0 0 0 0 0 1 0 0
39 2 0 0 0 0 0 0 0 0
40 2 1 1 0 0 0 0 0 0
41 2 1 1 1 0 0 0 0 0
42 1 0 0 0 0 0 1 0 0
44 3 0 0 0 0 0 1 0 0
45 2 0 0 1 0 0 0 0 0
46 1 0 0 0 0 0 1 0 0
fl=/build/glibc-mXZSwJ/glibc-2.24/ctype/ctype-info.c
fn=__ctype_init
31 7 1 1 5 2 0 1 0 0
33 4 1 1 2 0 0 1 0 0
35 5 0 0 3 1 0 1 0 0
fl=/build/glibc-mXZSwJ/glibc-2.24/elf/../elf/dl-runtime.c
fn=_dl_fixup
66 24 1 1 0 0 0 8 0 0
68 8 0 0 8 0 0 0 0 0
69 16 0 0 16 2 0 0 0 0
72 40 1 1 16 3 0 0 0 0
73 56 0 0 16 4 0 8 0 0
74 24 0 0 16 1 0 0 0 0
79 16 0 0 0 0 0 0 0 0
83 16 1 1 8 3 2 0 0 0
87 24 0 0 8 2 0 0 0 0
91 16 0 0 16 3 0 0 0 0
92 32 0 0 8 1 0 0 0 0
94 32 0 0 8 1 0 0 0 0
100 8 0 0 0 0 0 0 0 0
101 24 1 1 8 1 0 0 0 0
111 80 0 0 16 2 0 24 0 0
115 40 1 1 24 0 0 0 0 0
125 48 0 0 16 0 0 0 0 0
133 8 0 0 8 0 0 0 0 0
141 32 0 0 8 0 0 0 0 0
145 24 0 0 8 0 0 0 0 0
149 24 0 0 16 0 0 0 0 0
fl=/build/glibc-mXZSwJ/glibc-2.24/elf/../elf/dl-sysdep.c
fn=_dl_sysdep_start
86 8 1 1 0 0 0 6 1 1
110 1 0 0 0 0 0 1 0 0
111 194 1 1 63 8 8 4 3 3
114 2 0 0 0 0 0 1 0 0
115 1 0 0 0 0 0 1 0 0
117 136 5 5 35 5 5 17 1 1
118 110 0 0 18 3 3 0 0 0
121 1 0 0 1 1 1 0 0 0
122 1 0 0 0 0 0 0 0 0
124 1 0 0 1 0 0 0 0 0
125 1 0 0 0 0 0 0 0 0
127 1 1 1 1 0 0 0 0 0
128 2 0 0 0 0 0 0 0 0
130 1 0 0 1 0 0 0 0 0
131 2 0 0 0 0 0 0 0 0
151 1 0 0 1 0 0 0 0 0
152 2 0 0 0 0 0 0 0 0
154 1 0 0 1 0 0 0 0 0
155 2 0 0 0 0 0 0 0 0
157 2 1 1 1 0 0 1 0 0
158 2 0 0 0 0 0 0 0 0
163 2 1 1 1 0 0 1 0 0
164 2 0 0 0 0 0 1 0 0
179 2 1 1 1 0 0 1 0 0
180 2 0 0 0 0 0 1 0 0
231 3 0 0 1 0 0 0 0 0
232 2 0 0 0 0 0 2 0 0
234 5 1 1 0 0 0 1 0 0
246 3 0 0 1 0 0 0 0 0
249 5 0 0 1 0 0 1 0 0
251 9 0 0 8 2 0 0 0 0
fn=_dl_sysdep_start_cleanup
256 1 1 0 1 0 0 0 0 0
fl=/build/glibc-mXZSwJ/glibc-2.24/elf/../misc/sbrk.c
fn=sbrk
34 4 1 1 0 0 0 2 0 0
42 6 0 0 2 1 1 0 0 0
46 2 0 0 0 0 0 0 0 0
62 5 1 1 3 0 0 0 0 0
fl=/build/glibc-mXZSwJ/glibc-2.24/elf/../sysdeps/generic/ldsodefs.h
fn=_dl_relocate_object
102 258 0 0 86 0 0 0 0 0
fn=do_lookup_x
102 255 0 0 85 0 0 0 0 0
fl=/build/glibc-mXZSwJ/glibc-2.24/elf/../sysdeps/posix/dl-fileid.h
fn=_dl_map_object_from_fd
37 12 2 1 0 0 0 2 0 0
40 2 0 0 2 0 0 0 0 0
41 4 0 0 2 1 1 2 0 0
49 12 0 0 6 1 1 0 0 0
fl=/build/glibc-mXZSwJ/glibc-2.24/elf/../sysdeps/unix/sysv/linux/dl-osinfo.h
fn=dl_main
64 2 0 0 1 1 0 0 0 0
77 1 0 0 1 0 0 0 0 0
fl=/build/glibc-mXZSwJ/glibc-2.24/elf/../sysdeps/unix/sysv/linux/dl-sysdep.c
fn=_dl_discover_osversion
45 7 1 1 0 0 0 6 0 0
47 4 0 0 1 0 0 1 1 1
87 5 2 2 0 0 0 1 1 1
102 1 0 0 0 0 0 0 0 0
106 1 0 0 0 0 0 0 0 0
107 1 0 0 0 0 0 0 0 0
109 12 0 0 3 1 1 0 0 0
111 6 0 0 0 0 0 0 0 0
113 17 0 0 4 0 0 0 0 0
115 1 0 0 0 0 0 0 0 0
116 2 0 0 0 0 0 0 0 0
119 3 0 0 0 0 0 0 0 0
120 3 1 1 0 0 0 0 0 0
121 3 0 0 0 0 0 0 0 0
123 13 0 0 0 0 0 0 0 0
128 2 0 0 0 0 0 0 0 0
132 8 0 0 7 0 0 0 0 0
fn=_dl_sysdep_start
35 2 1 1 0 0 0 1 0 0
fl=/build/glibc-mXZSwJ/glibc-2.24/elf/../sysdeps/unix/sysv/linux/dl-vdso.c
fn=_dl_vdso_vsym
27 8 2 1 8 1 0 0 0 0
28 4 1 1 0 0 0 0 0 0
31 8 0 0 0 0 0 0 0 0
48 4 0 0 4 0 0 0 0 0
fl=/build/glibc-mXZSwJ/glibc-2.24/elf/../sysdeps/unix/sysv/linux/x86_64/brk.c
fn=brk
31 7 2 2 0 0 0 1 1 1
33 2 0 0 0 0 0 0 0 0
39 1 0 0 0 0 0 0 0 0
40 1 0 0 1 0 0 0 0 0
fl=/build/glibc-mXZSwJ/glibc-2.24/elf/../sysdeps/x86/cpu-features.c
fn=_dl_sysdep_start
100 1 0 0 0 0 0 1 0 0
101 1 0 0 0 0 0 1 0 0
102 1 0 0 0 0 0 1 0 0
113 3 1 1 0 0 0 1 0 0
116 8 0 0 0 0 0 0 0 0
120 2 0 0 0 0 0 0 0 0
122 5 1 1 0 0 0 1 0 0
125 3 0 0 1 0 0 0 0 0
127 1 0 0 1 0 0 0 0 0
128 3 1 1 2 0 0 1 0 0
129 7 1 1 1 1 1 0 0 0
135 2 1 1 0 0 0 1 0 0
177 2 0 0 0 0 0 0 0 0
199 3 0 0 1 0 0 0 0 0
211 4 0 0 0 0 0 0 0 0
216 3 1 1 0 0 0 1 0 0
217 2 0 0 1 0 0 0 0 0
221 3 0 0 0 0 0 0 0 0
222 2 0 0 0 0 0 0 0 0
224 1 0 0 1 0 0 0 0 0
276 3 1 1 1 0 0 0 0 0
277 1 0 0 1 0 0 0 0 0
280 2 0 0 0 0 0 0 0 0
281 1 1 1 1 0 0 0 0 0
294 6 1 1 0 0 0 0 0 0
295 5 0 0 0 0 0 0 0 0
296 2 0 0 0 0 0 0 0 0
297 4 1 1 0 0 0 0 0 0
305 1 0 0 0 0 0 1 0 0
306 1 0 0 0 0 0 1 0 0
307 1 0 0 0 0 0 1 0 0
fn=get_common_indeces.constprop.1
23 1 0 0 0 0 0 1 0 0
28 4 1 1 0 0 0 0 0 0
31 5 0 0 0 0 0 3 0 0
34 1 0 0 0 0 0 1 0 0
35 4 0 0 0 0 0 1 0 0
36 4 0 0 0 0 0 1 0 0
37 4 1 1 0 0 0 1 0 0
38 3 0 0 0 0 0 1 0 0
39 2 0 0 1 0 0 0 0 0
46 2 0 0 1 0 0 0 0 0
47 7 1 1 0 0 0 4 0 0
54 3 0 0 1 0 0 0 0 0
58 2 0 0 0 0 0 0 0 0
60 4 0 0 0 0 0 0 0 0
64 2 0 0 0 0 0 0 0 0
66 1 0 0 1 1 1 0 0 0
68 3 1 1 1 0 0 0 0 0
73 3 0 0 0 0 0 0 0 0
89 2 0 0 0 0 0 0 0 0
94 2 0 0 2 0 0 0 0 0
fl=/build/glibc-mXZSwJ/glibc-2.24/elf/../sysdeps/x86_64/dl-machine.h
fn=_dl_fixup
259 8 0 0 0 0 0 8 0 0
fn=_dl_relocate_object
79 24 1 1 4 0 0 0 0 0
85 6 0 0 6 1 0 0 0 0
89 9 0 0 3 3 2 0 0 0
95 3 0 0 0 0 0 3 0 0
103 9 0 0 3 0 0 0 0 0
105 3 0 0 3 0 0 0 0 0
123 6 1 1 0 0 0 0 0 0
132 6 0 0 0 0 0 0 0 0
134 6 0 0 0 0 0 0 0 0
139 18 1 1 0 0 0 3 0 0
149 12 0 0 4 3 0 0 0 0
293 200 1 1 0 0 0 0 0 0
314 200 0 0 0 0 0 0 0 0
318 200 1 1 0 0 0 0 0 0
325 4505 17 17 1022 84 77 766 3 0
327 446 0 0 188 1 0 0 0 0
330 376 1 1 94 0 0 0 0 0
336 600 0 0 100 3 3 0 0 0
431 42 0 0 14 0 0 0 0 0
435 70 0 0 14 1 0 0 0 0
440 128 2 2 114 13 12 0 0 0
449 200 0 0 0 0 0 100 19 14
492 9 0 0 0 0 0 3 0 0
536 3594 0 0 1198 300 300 0 0 0
541 2396 1 1 0 0 0 0 0 0
542 3594 0 0 1198 150 150 1198 223 222
552 42 0 0 25 0 0 0 0 0
556 34 0 0 0 0 0 0 0 0
558 51 0 0 17 0 0 0 0 0
559 17 0 0 17 3 2 0 0 0
576 16 0 0 16 1 1 0 0 0
578 8 0 0 0 0 0 8 0 0
579 8 0 0 0 0 0 8 0 0
fn=_dl_start
59 3 1 1 1 1 1 0 0 0
79 1 0 0 1 0 0 0 0 0
290 6 0 0 0 0 0 0 0 0
318 12 0 0 0 0 0 0 0 0
327 24 0 0 12 1 1 0 0 0
330 24 0 0 6 5 5 0 0 0
336 37 0 0 6 1 1 0 0 0
355 18 1 1 6 1 1 6 1 1
423 1 0 0 0 0 0 0 0 0
541 20 0 0 10 2 2 0 0 0
542 30 1 1 10 1 1 10 2 2
fn=_dl_sysdep_start
243 5 0 0 2 1 1 0 0 0
fl=/build/glibc-mXZSwJ/glibc-2.24/elf/../sysdeps/x86_64/dl-trampoline.h
fn=_dl_runtime_resolve_avx_slow
70 8 2 1 0 0 0 0 0 0
71 8 0 0 0 0 0 0 0 0
72 8 0 0 0 0 0 0 0 0
73 8 0 0 0 0 0 0 0 0
74 8 1 1 0 0 0 0 0 0
75 8 0 0 0 0 0 0 0 0
76 8 0 0 0 0 0 0 0 0
77 8 0 0 0 0 0 0 0 0
78 8 0 0 0 0 0 0 0 0
81 8 0 0 0 0 0 0 0 0
84 8 0 0 0 0 0 0 0 0
87 8 0 0 0 0 0 0 0 0
fn=_dl_runtime_resolve_sse_vex
163 8 2 1 0 0 0 8 0 0
166 8 0 0 0 0 0 0 0 0
168 8 0 0 0 0 0 0 0 0
170 8 0 0 0 0 0 0 0 0
173 8 1 1 0 0 0 8 1 0
174 8 0 0 0 0 0 8 0 0
175 8 0 0 0 0 0 8 0 0
176 8 0 0 0 0 0 8 0 0
177 8 0 0 0 0 0 8 0 0
178 8 0 0 0 0 0 8 0 0
179 8 0 0 0 0 0 8 0 0
180 8 0 0 0 0 0 8 0 0
181 8 1 1 0 0 0 8 0 0
182 8 0 0 0 0 0 8 1 0
183 8 0 0 0 0 0 8 0 0
184 8 0 0 0 0 0 8 0 0
185 8 0 0 0 0 0 8 0 0
186 8 0 0 0 0 0 8 0 0
187 8 0 0 0 0 0 8 0 0
192 8 0 0 0 0 0 0 0 0
193 8 0 0 0 0 0 0 0 0
194 8 1 1 0 0 0 0 0 0
195 8 0 0 0 0 0 0 0 0
209 8 0 0 8 0 0 0 0 0
210 8 0 0 8 0 0 0 0 0
211 8 0 0 0 0 0 8 0 0
212 8 0 0 0 0 0 0 0 0
217 8 0 0 0 0 0 0 0 0
218 8 0 0 0 0 0 0 0 0
219 8 0 0 0 0 0 0 0 0
220 8 0 0 0 0 0 0 0 0
233 8 1 1 8 0 0 0 0 0
234 8 0 0 8 0 0 0 0 0
235 8 0 0 8 0 0 0 0 0
236 8 0 0 8 0 0 0 0 0
237 8 0 0 8 0 0 0 0 0
238 8 0 0 8 0 0 0 0 0
239 8 0 0 8 0 0 0 0 0
240 8 0 0 8 0 0 0 0 0
241 8 1 1 8 0 0 0 0 0
242 8 0 0 8 0 0 0 0 0
243 8 0 0 8 0 0 0 0 0
244 8 0 0 8 0 0 0 0 0
245 8 0 0 8 0 0 0 0 0
246 8 0 0 8 0 0 0 0 0
247 8 0 0 8 0 0 0 0 0
249 8 0 0 0 0 0 0 0 0
251 8 0 0 8 0 0 0 0 0
255 8 0 0 0 0 0 0 0 0
258 8 0 0 0 0 0 0 0 0
fl=/build/glibc-mXZSwJ/glibc-2.24/elf/./dl-load.h
fn=_dl_map_object_from_fd
90 8 1 1 0 0 0 0 0 0
91 6 0 0 4 0 0 2 0 0
93 8 0 0 4 0 0 0 0 0
94 5 2 2 3 0 0 0 0 0
95 6 0 0 2 0 0 0 0 0
96 4 0 0 1 0 0 0 0 0
98 4 1 1 0 0 0 1 0 0
fl=/build/glibc-mXZSwJ/glibc-2.24/elf/./dl-map-segments.h
fn=_dl_map_object_from_fd
50 6 0 0 2 0 0 2 0 0
56 16 1 1 6 0 0 4 0 0
60 8 1 1 4 0 0 0 0 0
63 6 0 0 2 0 0 2 0 0
64 4 0 0 0 0 0 2 0 0
66 4 0 0 2 0 0 0 0 0
72 16 0 0 4 0 0 4 0 0
73 8 1 1 4 0 0 0 0 0
76 4 0 0 2 0 0 0 0 0
86 20 1 1 0 0 0 0 0 0
88 8 0 0 4 0 0 0 0 0
90 32 1 1 12 0 0 6 0 0
100 16 0 0 8 0 0 0 0 0
106 4 0 0 2 0 0 0 0 0
107 2 0 0 0 0 0 0 0 0
108 10 0 0 2 0 0 0 0 0
109 4 0 0 0 0 0 0 0 0
116 6 0 0 0 0 0 2 0 0
119 6 1 1 0 0 0 0 0 0
127 22 1 1 6 0 0 8 0 0
133 4 0 0 2 0 0 0 0 0
137 11 1 1 1 0 0 3 0 0
140 4 1 1 2 0 0 0 0 0
145 4 1 1 0 0 0 0 0 0
fl=/build/glibc-mXZSwJ/glibc-2.24/elf/dl-addr.c
fn=_dl_addr
30 2 0 0 1 0 0 1 0 0
31 2 0 0 1 0 0 1 0 0
34 2 0 0 1 0 0 0 0 0
38 1 1 1 1 0 0 0 0 0
39 1 0 0 1 0 0 0 0 0
40 3 0 0 2 0 0 1 0 0
42 2 0 0 2 0 0 0 0 0
45 2 0 0 1 1 0 0 0 0
50 2030 0 0 2 0 0 0 0 0
52 1011 1 1 1011 59 21 0 0 0
53 2022 0 0 0 0 0 0 0 0
55 3628 0 0 907 0 0 0 0 0
61 11195 1 1 2239 478 435 0 0 0
63 8956 0 0 2239 0 0 0 0 0
64 16364 0 0 5120 357 330 0 0 0
69 2239 0 0 0 0 0 0 0 0
71 9060 1 1 2239 135 80 0 0 0
100 3 1 1 1 1 0 0 0 0
101 1 0 0 0 0 0 1 1 0
102 3 0 0 1 0 0 0 0 0
105 2 0 0 0 0 0 0 0 0
117 1 1 1 0 0 0 1 1 0
118 1 0 0 0 0 0 1 0 0
127 11 1 1 0 0 0 8 0 0
132 3 1 1 2 0 0 1 0 0
134 2 0 0 0 0 0 1 0 0
136 2 0 0 0 0 0 0 0 0
139 2 0 0 0 0 0 0 0 0
142 2 0 0 1 1 0 1 1 0
145 9 0 0 7 0 0 0 0 0
fl=/build/glibc-mXZSwJ/glibc-2.24/elf/dl-cache.c
fn=_dl_cache_libcmp
138 30 1 1 20 9 9 0 0 0
139 98 0 0 0 0 0 0 0 0
141 144 0 0 0 0 0 0 0 0
143 50 0 0 0 0 0 0 0 0
149 2 0 0 0 0 0 0 0 0
150 2 1 1 0 0 0 0 0 0
151 5 0 0 1 0 0 0 0 0
153 5 0 0 1 0 0 0 0 0
155 2 0 0 0 0 0 0 0 0
161 94 1 1 0 0 0 0 0 0
163 170 0 0 76 1 1 0 0 0
164 18 0 0 9 0 0 0 0 0
167 38 0 0 0 0 0 0 0 0
168 38 0 0 0 0 0 0 0 0
171 3 0 0 1 0 0 0 0 0
fn=_dl_load_cache_lookup
185 9 2 2 0 0 0 6 0 0
193 2 0 0 1 0 0 0 0 0
196 3 0 0 1 0 0 0 0 0
199 5 1 1 0 0 0 1 1 1
207 5 1 1 1 0 0 0 0 0
208 6 0 0 0 0 0 1 0 0
212 1 0 0 0 0 0 1 0 0
215 4 1 1 1 0 0 0 0 0
218 2 0 0 0 0 0 1 0 0
219 3 0 0 0 0 0 0 0 0
220 6 0 0 0 0 0 1 0 0
247 2 1 1 0 0 0 0 0 0
256 3 0 0 0 0 0 1 0 0
262 5 0 0 0 0 0 2 0 0
266 7 0 0 2 0 0 3 0 0
267 4 2 2 2 0 0 0 0 0
281 232 7 7 34 8 8 15 0 0
293 3 1 1 0 0 0 1 0 0
297 2 1 1 1 0 0 0 0 0
301 2 0 0 1 0 0 0 0 0
309 9 0 0 1 0 0 1 0 0
310 3 1 1 0 0 0 1 0 0
311 2 0 0 0 0 0 1 0 0
312 8 0 0 7 0 0 0 0 0
fn=_dl_unload_cache
321 1 0 0 0 0 0 0 0 0
322 4 2 2 1 1 0 0 0 0
324 2 0 0 1 0 0 1 0 0
325 1 0 0 0 0 0 1 0 0
327 2 0 0 1 0 0 0 0 0
fl=/build/glibc-mXZSwJ/glibc-2.24/elf/dl-debug.c
fn=_dl_debug_initialize
50 8 1 1 0 0 0 0 0 0
51 4 1 1 4 0 0 0 0 0
55 14 0 0 4 0 0 0 0 0
58 1 0 0 0 0 0 1 0 0
59 6 0 0 3 0 0 1 0 0
60 5 1 1 1 0 0 1 0 0
61 2 0 0 0 0 0 1 0 0
64 1 0 0 1 0 0 0 0 0
fn=_dl_debug_state
74 2 0 0 2 0 0 0 0 0
fl=/build/glibc-mXZSwJ/glibc-2.24/elf/dl-deps.c
fn=_dl_map_object_deps
144 4 0 0 0 0 0 2 0 0
145 2 0 0 0 0 0 2 0 0
146 7 1 1 0 0 0 2 0 0
152 9 0 0 2 0 0 3 0 0
160 11 1 1 0 0 0 9 0 0
161 9 2 2 0 0 0 0 0 0
178 11 1 1 1 0 0 1 0 0
179 1 0 0 1 0 0 0 0 0
182 3 0 0 0 0 0 2 0 0
188 2 0 0 0 0 0 2 0 0
189 1 1 1 0 0 0 1 0 0
201 2 0 0 1 0 0 1 0 0
202 1 0 0 0 0 0 1 0 0
203 1 0 0 0 0 0 1 0 0
204 2 0 0 0 0 0 2 0 0
210 4 0 0 0 0 0 2 0 0
213 4 0 0 0 0 0 4 0 0
217 12 0 0 4 0 0 0 0 0
218 25 2 2 11 1 1 0 0 0
220 2 0 0 0 0 0 0 0 0
222 6 0 0 4 0 0 0 0 0
224 28 1 1 0 0 0 4 0 0
229 16 0 0 8 0 0 0 0 0
231 6 2 1 4 0 0 2 0 0
236 2 0 0 0 0 0 2 0 0
237 2 0 0 0 0 0 2 0 0
238 4 0 0 2 0 0 2 0 0
239 4 0 0 2 0 0 2 0 0
242 206 0 0 54 0 0 4 0 0
243 96 0 0 0 0 0 0 0 0
249 14 2 1 4 0 0 2 1 1
251 2 0 0 0 0 0 2 0 0
254 12 1 1 8 0 0 2 0 0
256 6 0 0 2 0 0 0 0 0
271 2 0 0 2 0 0 0 0 0
273 4 0 0 2 0 0 0 0 0
278 6 1 1 0 0 0 0 0 0
281 2 0 0 0 0 0 2 0 0
282 2 0 0 0 0 0 2 0 0
283 2 0 0 0 0 0 2 0 0
284 4 0 0 2 0 0 2 0 0
286 2 0 0 2 0 0 0 0 0
288 12 0 0 2 0 0 4 0 0
292 4 1 0 0 0 0 0 0 0
293 4 0 0 1 0 0 2 0 0
295 138 1 1 0 0 0 0 0 0
308 9 1 1 3 0 0 3 0 0
317 13 2 2 0 0 0 5 0 0
459 8 1 1 0 0 0 0 0 0
461 6 1 1 2 0 0 2 0 0
463 4 0 0 0 0 0 2 0 0
464 4 0 0 0 0 0 0 0 0
465 4 0 0 0 0 0 0 0 0
468 2 0 0 0 0 0 2 0 0
469 10 0 0 0 0 0 2 0 0
470 12 0 0 2 0 0 2 0 0
473 2 0 0 0 0 0 2 0 0
474 2 0 0 2 0 0 0 0 0
478 16 1 1 8 0 0 0 0 0
480 4 0 0 4 0 0 0 0 0
481 17 1 1 3 0 0 0 0 0
485 7 1 1 3 0 0 0 0 0
486 2 0 0 0 0 0 1 0 0
489 5 0 0 2 0 0 1 0 0
499 2 0 0 0 0 0 1 0 0
500 3 1 1 1 0 0 0 0 0
502 2 0 0 0 0 0 0 0 0
507 7 1 1 3 0 0 1 0 0
508 9 0 0 4 0 0 1 0 0
510 13 0 0 4 0 0 1 0 0
516 12 1 1 0 0 0 4 1 1
520 8 0 0 8 0 0 0 0 0
523 2 0 0 1 0 0 0 0 0
574 3 0 0 2 0 0 0 0 0
575 1 1 1 0 0 0 1 0 0
576 3 1 1 1 0 0 0 0 0
611 8 1 1 1 0 0 2 0 0
613 2 0 0 0 0 0 0 0 0
614 1 0 0 0 0 0 1 0 0
617 11 0 0 1 0 0 1 0 0
618 5 1 1 0 0 0 0 0 0
619 6 1 1 1 0 0 2 0 0
623 12 1 1 3 0 0 6 0 0
624 6 0 0 3 0 0 0 0 0
630 17 0 0 3 0 0 0 0 0
632 12 0 0 6 0 0 0 0 0
633 7 0 0 0 0 0 0 0 0
635 9 0 0 3 0 0 0 0 0
636 6 1 1 0 0 0 0 0 0
655 2 1 1 1 0 0 0 0 0
658 3 1 1 0 0 0 0 0 0
661 10 0 0 3 0 0 0 0 0
664 30 2 2 6 0 0 8 0 0
671 2 0 0 1 0 0 1 0 0
673 2 0 0 1 0 0 1 0 0
674 1 0 0 1 0 0 0 0 0
675 3 0 0 1 0 0 0 0 0
682 3 1 1 1 0 0 0 0 0
685 3 0 0 1 0 0 0 0 0
688 8 0 0 7 0 0 0 0 0
fn=openaux
60 4 1 1 0 0 0 2 0 0
63 14 0 0 8 0 0 4 0 0
65 8 0 0 2 0 0 0 0 0
67 2 0 0 2 0 0 0 0 0
68 4 0 0 4 0 0 0 0 0
fl=/build/glibc-mXZSwJ/glibc-2.24/elf/dl-environ.c
fn=_dl_next_ld_env_entry
30 3 1 1 3 0 0 0 0 0
33 187 0 0 62 0 0 0 0 0
35 122 1 1 61 27 27 0 0 0
36 20 0 0 10 0 0 0 0 0
38 2 0 0 0 0 0 0 0 0
41 4 0 0 0 0 0 2 0 0
43 2 0 0 2 0 0 0 0 0
46 59 0 0 0 0 0 0 0 0
50 1 0 0 1 0 0 0 0 0
fl=/build/glibc-mXZSwJ/glibc-2.24/elf/dl-error.c
fn=_dl_catch_error
163 12 1 1 0 0 0 9 0 0
175 6 0 0 0 0 0 6 3 3
176 6 0 0 0 0 0 6 0 0
177 6 0 0 0 0 0 6 0 0
178 6 0 0 0 0 0 3 0 0
180 3 0 0 3 0 0 3 2 2
181 6 0 0 3 0 0 3 0 0
182 9 1 1 0 0 0 6 0 0
185 18 0 0 0 0 0 3 0 0
187 9 0 0 6 0 0 3 0 0
188 9 0 0 6 0 0 3 0 0
189 6 0 0 3 0 0 3 0 0
190 6 1 1 3 0 0 3 0 0
191 6 0 0 3 0 0 3 0 0
199 12 0 0 6 0 0 0 0 0
fn=_dl_receive_error
205 10 1 1 0 0 0 6 0 0
206 2 0 0 1 0 0 1 0 0
210 1 0 0 1 0 0 0 0 0
211 1 0 0 1 0 0 0 0 0
214 1 0 0 0 0 0 1 0 0
215 1 1 1 0 0 0 1 0 0
217 2 0 0 0 0 0 1 0 0
219 1 0 0 0 0 0 1 0 0
220 1 0 0 0 0 0 1 0 0
221 8 0 0 7 0 0 0 0 0
fl=/build/glibc-mXZSwJ/glibc-2.24/elf/dl-hwcaps.c
fn=_dl_important_hwcaps
39 12 2 2 0 0 0 10 2 2
41 1 0 0 1 0 0 0 0 0
42 3 0 0 0 0 0 0 0 0
51 2 0 0 1 0 0 0 0 0
61 4 1 1 1 0 0 1 0 0
113 1 1 1 0 0 0 0 0 0
115 7 1 1 1 0 0 2 0 0
130 10 1 1 0 0 0 1 0 0
131 1 0 0 0 0 0 0 0 0
162 2 1 1 0 0 0 0 0 0
170 3 1 1 1 0 0 0 0 0
172 2 0 0 1 0 0 1 0 0
173 5 0 0 1 0 0 1 0 0
177 3 1 1 1 0 0 1 0 0
178 1 0 0 0 0 0 1 0 0
181 2 0 0 0 0 0 0 0 0
184 2 0 0 0 0 0 0 0 0
188 14 0 0 3 0 0 3 0 0
189 2 1 1 0 0 0 0 0 0
207 11 2 2 1 0 0 5 0 0
208 5 0 0 0 0 0 3 0 0
209 4 0 0 2 0 0 0 0 0
238 3 0 0 0 0 0 2 1 1
241 2 0 0 0 0 0 0 0 0
243 8 1 1 3 0 0 2 0 0
244 8 1 1 2 0 0 2 0 0
257 2 0 0 0 0 0 0 0 0
269 29 2 2 4 0 0 2 0 0
270 8 0 0 0 0 0 4 0 0
274 19 1 1 1 0 0 0 0 0
277 18 1 1 0 0 0 0 0 0
278 24 0 0 0 0 0 0 0 0
279 12 0 0 8 0 0 0 0 0
281 4 0 0 0 0 0 0 0 0
284 3 0 0 1 0 0 0 0 0
285 2 0 0 1 0 0 0 0 0
286 11 1 1 3 0 0 0 0 0
299 6 1 1 2 0 0 2 0 0
300 2 0 0 0 0 0 0 0 0
302 4 0 0 0 0 0 0 0 0
305 4 0 0 3 0 0 1 0 0
307 1 0 0 0 0 0 0 0 0
308 8 0 0 7 0 0 0 0 0
fl=/build/glibc-mXZSwJ/glibc-2.24/elf/dl-init.c
fn=_dl_init
30 25 1 1 5 0 0 3 0 0
80 11 1 1 0 0 0 6 0 0
81 1 0 0 1 1 0 0 0 0
82 1 0 0 1 0 0 0 0 0
85 3 1 1 1 0 0 0 0 0
88 2 1 1 0 0 0 1 0 0
93 2 0 0 0 0 0 0 0 0
94 2 0 0 1 0 0 0 0 0
104 2 1 1 0 0 0 1 0 0
119 15 0 0 0 0 0 0 0 0
120 12 0 0 8 0 0 0 0 0
126 8 0 0 7 0 0 0 0 0
fn=call_init.part.0
28 21 0 0 0 0 0 15 0 0
36 12 1 1 4 0 0 4 0 0
39 16 0 0 8 1 0 0 0 0
40 2 1 1 0 0 0 0 0 0
44 15 0 0 3 2 0 0 0 0
45 3 0 0 1 0 0 0 0 0
49 4 0 0 2 0 0 0 0 0
58 14 1 1 6 4 0 2 0 0
62 4 0 0 0 0 0 0 0 0
68 6 0 0 4 0 0 0 0 0
70 4 0 0 4 0 0 0 0 0
71 14 0 0 0 0 0 0 0 0
72 10 1 1 2 0 0 2 0 0
74 19 0 0 19 0 0 0 0 0
fl=/build/glibc-mXZSwJ/glibc-2.24/elf/dl-load.c
fn=_dl_init_paths
661 9 1 1 0 0 0 6 0 0
674 6 1 1 2 0 0 2 0 0
678 1 0 0 0 0 0 1 0 0
679 2 0 0 0 0 0 1 0 0
680 3 0 0 0 0 0 0 0 0
687 5 1 1 0 0 0 0 0 0
688 5 0 0 1 0 0 2 0 0
691 1 0 0 0 0 0 1 0 0
692 2 0 0 0 0 0 1 0 0
694 2 0 0 0 0 0 0 0 0
700 1 0 0 0 0 0 1 0 0
701 1 1 1 0 0 0 1 0 0
709 10 0 0 0 0 0 3 0 0
711 9 1 1 0 0 0 4 0 0
712 4 0 0 0 0 0 4 2 2
714 5 0 0 0 0 0 4 1 1
715 7 0 0 3 1 1 4 1 1
716 6 0 0 0 0 0 0 0 0
719 6 0 0 3 1 1 0 0 0
720 14 1 1 8 0 0 1 0 0
721 12 0 0 0 0 0 4 0 0
723 25 0 0 10 0 0 6 0 0
729 1 0 0 0 0 0 1 1 1
730 1 1 1 0 0 0 1 0 0
734 1 0 0 1 0 0 0 0 0
735 2 0 0 0 0 0 0 0 0
737 4 1 1 1 0 0 0 0 0
739 3 0 0 1 0 0 0 0 0
756 2 0 0 0 0 0 1 0 0
758 3 1 1 1 0 0 0 0 0
772 2 1 1 0 0 0 1 0 0
777 5 1 1 1 0 0 0 0 0
785 5 0 0 0 0 0 1 0 0
787 11 1 1 0 0 0 2 0 0
791 2 0 0 0 0 0 0 0 0
804 365 1 1 91 0 0 0 0 0
806 364 0 0 0 0 0 0 0 0
808 91 0 0 0 0 0 0 0 0
811 1 0 0 0 0 0 1 0 0
812 1 0 0 0 0 0 1 0 0
813 2 0 0 0 0 0 0 0 0
819 9 1 1 1 0 0 2 0 0
823 5 0 0 4 0 0 0 0 0
829 1 0 0 0 0 0 1 0 0
833 8 0 0 7 0 0 0 0 0
fn=_dl_map_object
372 5 0 0 0 0 0 1 0 0
376 2 0 0 0 0 0 1 0 0
638 9 2 2 3 0 0 0 0 0
2167 27 1 1 0 0 0 24 6 6
2169 2 0 0 0 0 0 0 0 0
2175 6 0 0 0 0 0 0 0 0
2176 12 0 0 3 0 0 0 0 0
2179 42 1 1 9 0 0 0 0 0
2184 49 1 1 7 0 0 0 0 0
2186 35 0 0 0 0 0 7 0 0
2190 12 0 0 6 0 0 0 0 0
2191 18 0 0 6 0 0 0 0 0
2194 2 0 0 2 0 0 0 0 0
2195 4 0 0 4 0 0 0 0 0
2196 8 0 0 0 0 0 2 0 0
2213 4 1 1 2 0 0 0 0 0
2222 6 1 1 2 0 0 0 0 0
2256 2 0 0 0 0 0 2 1 1
2258 10 1 1 0 0 0 2 0 0
2262 4 2 2 0 0 0 2 0 0
2264 2 0 0 1 0 0 0 0 0
2271 4 0 0 1 0 0 0 0 0
2275 3 1 1 1 0 0 2 0 0
2280 3 0 0 1 0 0 0 0 0
2281 1 0 0 0 0 0 0 0 0
2283 10 0 0 0 0 0 4 0 0
2295 5 2 2 4 0 0 0 0 0
2296 7 0 0 1 0 0 1 0 0
2297 1 0 0 0 0 0 0 0 0
2306 2 0 0 1 0 0 0 0 0
2307 15 1 1 1 0 0 4 0 0
2313 3 1 1 0 0 0 0 0 0
2314 1 0 0 0 0 0 0 0 0
2322 1 1 1 0 0 0 1 1 1
2336 2 1 1 0 0 0 0 0 0
2338 3 0 0 1 0 0 0 0 0
2342 3 0 0 0 0 0 2 0 0
2344 2 0 0 0 0 0 0 0 0
2348 2 0 0 0 0 0 0 0 0
2356 3 1 1 1 0 0 0 0 0
2379 10 0 0 1 0 0 2 0 0
2383 4 0 0 2 0 0 0 0 0
2384 3 1 1 1 0 0 1 0 0
2401 2 1 1 1 0 0 0 0 0
2407 1 0 0 0 0 0 1 0 0
2409 2 0 0 0 0 0 0 0 0
2410 3 0 0 0 0 0 0 0 0
2414 11 1 1 0 0 0 3 0 0
2417 5 0 0 3 0 0 0 0 0
2429 6 2 2 0 0 0 0 0 0
2431 4 0 0 0 0 0 0 0 0
2475 4 1 0 2 0 0 2 0 0
2476 30 1 1 4 0 0 10 0 0
2478 27 1 1 21 0 0 0 0 0
fn=_dl_map_object_from_fd
871 30 2 1 0 0 0 22 2 2
881 8 2 1 2 0 0 4 1 1
882 2 0 0 0 0 0 2 0 0
897 31 0 0 11 0 0 0 0 0
898 10 1 1 5 0 0 0 0 0
915 4 1 1 2 0 0 0 0 0
939 8 0 0 2 0 0 2 0 0
949 4 0 0 2 0 0 0 0 0
971 8 1 1 4 0 0 0 0 0
1003 4 0 0 0 0 0 0 0 0
1006 16 0 0 10 0 0 2 0 0
1007 4 1 1 0 0 0 0 0 0
1018 6 0 0 4 0 0 2 2 2
1019 8 1 1 4 0 0 4 0 0
1020 4 0 0 2 0 0 2 0 0
1022 6 0 0 0 0 0 0 0 0
1023 8 1 1 4 0 0 0 0 0
1024 2 0 0 0 0 0 0 0 0
1041 2 0 0 0 0 0 2 0 0
1043 18 1 1 0 0 0 2 0 0
1051 108 0 0 0 0 0 0 0 0
1052 127 1 1 17 2 2 0 0 0
1058 4 0 0 2 0 0 2 0 0
1059 6 0 0 2 0 0 2 0 0
1060 2 0 0 0 0 0 0 0 0
1063 2 0 0 1 0 0 1 0 0
1064 1 0 0 0 0 0 0 0 0
1069 20 1 1 8 0 0 0 0 0
1074 32 1 1 8 0 0 0 0 0
1082 16 1 1 0 0 0 0 0 0
1083 16 0 0 0 0 0 4 2 2
1084 20 0 0 4 0 0 4 0 0
1085 4 0 0 0 0 0 4 1 1
1086 8 0 0 4 0 0 4 0 0
1087 8 1 1 0 0 0 4 1 1
1091 8 0 0 0 0 0 0 0 0
1092 12 0 0 6 0 0 2 0 0
1096 8 0 0 0 0 0 0 0 0
1097 28 0 0 4 0 0 4 0 0
1107 4 0 0 0 0 0 0 0 0
1110 3 0 0 1 1 1 0 0 0
1114 1 0 0 0 0 0 1 1 1
1115 3 1 1 2 0 0 1 0 0
1116 2 0 0 0 0 0 0 0 0
1119 3 0 0 0 0 0 1 1 1
1120 2 0 0 1 0 0 1 0 0
1123 1 0 0 0 0 0 1 0 0
1127 4 0 0 1 0 0 0 0 0
1133 3 0 0 1 0 0 2 1 1
1134 1 0 0 0 0 0 0 0 0
1138 16 1 1 2 0 0 6 0 0
1146 4 0 0 0 0 0 2 0 0
1189 4 1 1 2 0 0 2 0 0
1190 2 0 0 0 0 0 0 0 0
1193 4 1 1 2 0 0 2 0 0
1194 6 0 0 4 0 0 2 0 0
1195 2 0 0 0 0 0 0 0 0
1198 8 0 0 2 0 0 0 0 0
1207 4 0 0 0 0 0 0 0 0
1217 18 0 0 6 0 0 4 0 0
1229 8 2 2 4 0 0 0 0 0
1233 2 1 1 1 0 0 0 0 0
1238 6 0 0 2 0 0 2 0 0
1245 4 0 0 0 0 0 0 0 0
1260 6 1 1 2 0 0 0 0 0
1279 4 0 0 2 0 0 2 0 0
1281 10 1 1 4 0 0 0 0 0
1335 6 0 0 2 1 1 0 0 0
1336 2 0 0 1 0 0 1 0 0
1339 8 0 0 2 0 0 2 0 0
1348 4 0 0 2 0 0 0 0 0
1350 8 1 1 4 0 0 2 0 0
1352 4 0 0 2 0 0 0 0 0
1368 4 0 0 0 0 0 2 0 0
1372 4 0 0 2 0 0 0 0 0
1373 4 0 0 2 0 0 0 0 0
1390 4 1 1 2 0 0 0 0 0
1391 2 0 0 0 0 0 1 0 0
1394 6 0 0 2 0 0 4 0 0
1399 4 0 0 2 0 0 0 0 0
1409 4 0 0 2 0 0 0 0 0
1419 6 1 1 2 0 0 2 0 0
1423 6 0 0 2 0 0 0 0 0
1443 18 1 1 14 0 0 0 0 0
fn=fillin_rpath
372 25 0 0 0 0 0 5 0 0
376 15 0 0 0 0 0 5 0 0
433 17 1 1 0 0 0 12 1 1
435 1 0 0 0 0 0 0 0 0
438 25 1 1 0 0 0 6 0 0
444 15 0 0 0 0 0 5 0 0
448 10 1 1 0 0 0 0 0 0
451 1 0 0 0 0 0 0 0 0
455 38 2 2 7 0 0 0 0 0
460 12 0 0 0 0 0 4 0 0
463 15 1 1 5 0 0 0 0 0
470 105 0 0 35 0 0 0 0 0
471 72 0 0 32 0 0 2 0 0
489 20 3 3 5 0 0 5 0 0
492 10 0 0 0 0 0 5 0 0
493 25 0 0 10 0 0 5 0 0
495 15 1 1 5 0 0 0 0 0
499 5 0 0 0 0 0 5 2 2
500 5 0 0 0 0 0 0 0 0
501 20 0 0 0 0 0 10 1 1
502 5 0 0 0 0 0 5 0 0
504 10 0 0 5 0 0 0 0 0
505 1 0 0 0 0 0 1 0 0
510 20 0 0 5 0 0 0 0 0
511 85 3 3 5 0 0 0 0 0
512 55 1 1 0 0 0 20 0 0
514 10 1 1 5 0 0 5 0 0
515 15 1 1 5 0 0 0 0 0
520 10 0 0 0 0 0 5 0 0
522 15 0 0 5 0 0 5 0 0
523 5 0 0 0 0 0 5 0 0
526 10 1 1 0 0 0 5 1 1
528 20 0 0 10 0 0 5 0 0
532 1 0 0 0 0 0 1 0 0
535 9 0 0 7 0 0 0 0 0
fn=open_path
2018 8 1 1 0 0 0 6 0 0
2019 2 0 0 1 0 0 1 1 1
2022 1 1 1 0 0 0 1 0 0
2023 1 0 0 0 0 0 1 0 0
2025 2 0 0 0 0 0 0 0 0
2030 16 1 1 2 0 0 6 1 1
2033 15 1 1 10 0 0 0 0 0
2037 5 0 0 0 0 0 0 0 0
2042 20 0 0 0 0 0 5 0 0
2049 30 0 0 10 0 0 5 1 1
2050 115 1 1 20 0 0 0 0 0
2053 40 0 0 20 0 0 0 0 0
2057 160 1 1 80 0 0 40 0 0
2058 80 0 0 20 0 0 0 0 0
2060 40 0 0 0 0 0 20 0 0
2063 60 1 1 20 0 0 0 0 0
2064 12 1 1 0 0 0 0 0 0
2066 200 0 0 100 0 0 40 0 0
2068 100 1 1 60 0 0 0 0 0
2070 32 0 0 0 0 0 0 0 0
2075 32 1 1 16 0 0 0 0 0
2076 144 1 1 64 0 0 0 0 0
2082 89 1 1 42 0 0 21 0 0
2084 96 0 0 16 0 0 16 0 0
2085 8 0 0 4 1 1 0 0 0
2087 68 1 1 0 0 0 16 0 0
2094 48 0 0 0 0 0 0 0 0
2096 8 0 0 0 0 0 0 0 0
2104 5 0 0 1 0 0 2 0 0
2132 2 0 0 0 0 0 0 0 0
2135 35 1 1 5 0 0 0 0 0
2140 5 0 0 5 0 0 0 0 0
2142 20 0 0 15 0 0 0 0 0
2145 3 0 0 1 0 0 0 0 0
2159 9 1 1 7 0 0 0 0 0
fn=open_verify.constprop.7
1695 308 2 2 22 0 0 198 3 3
1734 108 0 0 22 0 0 0 0 0
1765 110 0 0 22 0 0 44 1 1
1767 46 1 1 0 0 0 0 0 0
1777 2 0 0 0 0 0 2 0 0
1778 4 0 0 0 0 0 2 0 0
1783 16 0 0 4 0 0 4 0 0
1785 4 1 1 0 0 0 0 0 0
1787 6 0 0 2 0 0 2 0 0
1789 4 0 0 0 0 0 0 0 0
1795 4 0 0 0 0 0 0 0 0
1804 2 1 1 1 0 0 0 0 0
1811 38 3 3 5 0 0 5 0 0
1885 4 0 0 2 0 0 0 0 0
1890 4 0 0 2 0 0 0 0 0
1892 8 1 1 2 0 0 0 0 0
1898 4 0 0 0 0 0 0 0 0
1909 4 0 0 2 2 2 0 0 0
1915 8 0 0 2 0 0 0 0 0
1916 8 1 1 2 0 0 0 0 0
1917 4 0 0 2 0 0 0 0 0
1937 82 0 0 0 0 0 0 0 0
1939 36 1 1 17 10 10 0 0 0
1943 8 0 0 4 0 0 0 0 0
1944 6 0 0 2 0 0 0 0 0
1953 18 2 2 0 0 0 3 0 0
1956 2 0 0 0 0 0 0 0 0
1957 6 0 0 2 0 0 0 0 0
1958 6 0 0 2 0 0 0 0 0
1960 6 0 0 0 0 0 0 0 0
1965 1 0 0 0 0 0 0 0 0
1966 1 0 0 0 0 0 0 0 0
1969 2 0 0 0 0 0 0 0 0
1972 2 0 0 1 1 1 0 0 0
1973 4 0 0 1 0 0 0 0 0
1974 1 0 0 1 0 0 0 0 0
1975 3 0 0 1 0 0 0 0 0
1976 5 0 0 1 0 0 0 0 0
1981 20 0 0 0 0 0 20 0 0
2004 198 1 1 176 0 0 0 0 0
fl=/build/glibc-mXZSwJ/glibc-2.24/elf/dl-lookup.c
fn=_dl_lookup_symbol_x
572 5593 2 1 1330 92 88 0 0 0
573 4956 0 0 0 0 0 0 0 0
810 1365 1 1 91 0 0 910 2 0
812 182 2 1 0 0 0 91 0 0
813 182 0 0 0 0 0 91 0 0
816 91 0 0 91 2 0 0 0 0
820 350 0 0 84 0 0 0 0 0
824 910 0 0 273 0 0 364 0 0
825 182 0 0 0 0 0 0 0 0
827 182 0 0 182 1 0 0 0 0
831 303 2 1 6 0 0 0 0 0
833 1183 4 2 637 0 0 637 3 0
836 273 0 0 0 0 0 0 0 0
839 6 0 0 0 0 0 0 0 0
862 273 0 0 182 0 0 0 0 0
864 42 1 1 12 0 0 0 0 0
879 6 1 1 0 0 0 6 0 0
880 12 0 0 0 0 0 0 0 0
883 85 0 0 85 0 0 0 0 0
884 595 2 1 170 0 0 0 0 0
915 85 0 0 0 0 0 0 0 0
924 340 0 0 85 0 0 0 0 0
938 255 0 0 85 3 0 0 0 0
939 2 1 1 0 0 0 1 0 0
941 340 1 1 170 0 0 0 0 0
946 85 0 0 0 0 0 85 0 0
948 819 0 0 637 0 0 0 0 0
fn=_dl_setup_hash
959 12 2 1 4 0 0 0 0 0
963 4 0 0 4 0 0 0 0 0
967 8 2 1 4 4 4 4 0 0
968 4 0 0 4 0 0 0 0 0
969 4 0 0 4 1 1 0 0 0
971 12 0 0 0 0 0 0 0 0
972 4 0 0 0 0 0 4 0 0
973 12 2 1 4 0 0 4 0 0
975 4 0 0 0 0 0 4 0 0
976 8 0 0 0 0 0 0 0 0
978 4 0 0 0 0 0 4 0 0
980 16 0 0 4 0 0 4 0 0
fn=check_match
92 680 6 1 170 15 9 340 2 0
95 595 0 0 170 7 6 0 0 0
107 510 1 1 85 0 0 85 5 0
110 460 0 0 40 0 0 20 0 0
114 85 1 1 85 1 0 0 0 0
115 170 0 0 0 0 0 0 0 0
117 168 0 0 0 0 0 0 0 0
136 168 0 0 168 9 5 0 0 0
137 672 0 0 252 4 2 0 0 0
138 504 3 2 168 3 0 84 0 0
165 2 0 0 0 0 0 0 0 0
167 6 0 0 2 0 0 0 0 0
168 4 0 0 0 0 0 0 0 0
176 85 0 0 0 0 0 0 0 0
183 510 1 1 425 0 0 0 0 0
fn=do_lookup_x
267 28 2 2 20 0 0 0 0 0
311 200 0 0 0 0 0 0 0 0
355 1092 2 2 91 0 0 910 10 0
356 91 0 0 91 2 0 0 0 0
362 91 0 0 91 0 0 0 0 0
366 570 0 0 570 10 0 0 0 0
369 570 0 0 0 0 0 0 0 0
373 1025 1 1 91 0 0 182 0 0
377 570 1 1 285 5 0 0 0 0
381 570 0 0 285 1 0 0 0 0
387 855 0 0 285 3 0 0 0 0
391 285 0 0 0 0 0 285 0 0
392 285 1 1 0 0 0 285 0 0
395 855 0 0 570 12 0 285 0 0
396 855 0 0 570 2 0 285 0 0
399 285 0 0 285 0 0 0 0 0
400 570 0 0 0 0 0 0 0 0
402 285 0 0 285 43 34 0 0 0
403 364 0 0 0 0 0 91 0 0
404 570 0 0 570 0 0 0 0 0
406 546 0 0 91 0 0 182 0 0
407 1140 1 1 570 0 0 0 0 0
410 1995 0 0 285 0 0 0 0 0
413 178 0 0 178 50 43 0 0 0
414 356 4 2 89 0 0 0 0 0
415 178 0 0 0 0 0 0 0 0
417 1157 2 1 356 0 0 445 0 0
420 865 0 0 173 67 61 0 0 0
422 340 2 1 85 0 0 0 0 0
423 1105 2 1 595 0 0 510 1 1
424 170 0 0 0 0 0 0 0 0
427 255 0 0 0 0 0 0 0 0
430 264 0 0 0 0 0 0 0 0
439 765 5 2 425 0 0 0 0 0
461 8 1 1 4 0 0 0 0 0
469 170 2 1 85 0 0 0 0 0
520 170 0 0 0 0 0 0 0 0
523 628 0 0 85 0 0 0 0 0
527 39 0 0 13 1 0 0 0 0
539 170 1 1 85 0 0 85 0 0
540 85 0 0 0 0 0 85 0 0
541 170 0 0 0 0 0 0 0 0
557 1444 1 1 548 0 0 0 0 0
558 165 0 0 0 0 0 33 1 0
561 600 0 0 0 0 0 0 0 0
564 6 0 0 0 0 0 0 0 0
565 728 1 1 637 0 0 0 0 0
fl=/build/glibc-mXZSwJ/glibc-2.24/elf/dl-minimal.c
fn=__libc_memalign
52 6 0 0 0 0 0 4 0 0
53 119 3 1 59 0 0 0 0 0
58 3 0 0 0 0 0 1 0 0
59 2 1 1 1 0 0 0 0 0
60 2 0 0 0 0 0 0 0 0
64 90 1 1 0 0 0 30 0 0
65 30 0 0 0 0 0 0 0 0
67 202 0 0 0 0 0 0 0 0
72 8 1 1 2 0 0 0 0 0
73 4 0 0 0 0 0 0 0 0
75 2 0 0 0 0 0 0 0 0
76 16 0 0 0 0 0 2 0 0
78 10 0 0 4 0 0 0 0 0
82 6 0 0 0 0 0 2 0 0
85 30 0 0 0 0 0 30 0 0
86 30 1 1 0 0 0 30 0 0
88 66 0 0 34 0 0 0 0 0
fn=calloc
101 8 1 1 0 0 0 0 0 0
105 8 0 0 0 0 0 0 0 0
108 16 0 0 0 0 0 0 0 0
109 24 0 0 0 0 0 0 0 0
112 8 0 0 0 0 0 0 0 0
fn=free
118 5 1 1 0 0 0 5 0 0
120 15 0 0 5 0 0 0 0 0
127 10 0 0 10 0 0 0 0 0
fn=malloc
92 29 0 0 0 0 0 0 0 0
93 58 0 0 0 0 0 0 0 0
fn=strsep
352 12 1 1 6 0 0 0 0 0
354 6 0 0 6 0 0 0 0 0
355 12 0 0 0 0 0 0 0 0
359 470 1 1 92 0 0 0 0 0
364 356 0 0 178 0 0 0 0 0
366 522 0 0 174 0 0 0 0 0
370 8 0 0 0 0 0 4 0 0
374 87 0 0 0 0 0 0 0 0
377 5 0 0 0 0 0 5 0 0
381 6 0 0 6 0 0 0 0 0
fl=/build/glibc-mXZSwJ/glibc-2.24/elf/dl-misc.c
fn=_dl_name_match_p
288 235 2 1 0 0 0 94 1 0
289 188 0 0 47 1 0 47 1 1
290 50 0 0 0 0 0 0 0 0
292 47 2 1 47 0 0 0 0 0
294 190 0 0 0 0 0 0 0 0
295 255 0 0 51 3 0 51 0 0
298 48 0 0 48 0 0 0 0 0
300 44 0 0 0 0 0 0 0 0
301 235 6 1 141 0 0 0 0 0
fn=_dl_sysdep_read_whole_file
45 8 1 1 0 0 0 4 0 0
52 3 0 0 0 0 0 1 0 0
53 2 0 0 0 0 0 0 0 0
55 7 1 1 0 0 0 1 0 0
57 2 0 0 1 0 0 1 0 0
60 2 0 0 0 0 0 0 0 0
62 8 1 1 0 0 0 1 0 0
73 2 0 0 0 0 0 1 0 0
76 7 0 0 5 0 0 0 0 0
fl=/build/glibc-mXZSwJ/glibc-2.24/elf/dl-object.c
fn=_dl_add_to_namespace_list
32 15 2 1 0 0 0 9 0 0
34 9 1 1 3 0 0 3 0 0
36 22 0 0 3 0 0 0 0 0
39 15 0 0 5 0 0 0 0 0
41 2 0 0 0 0 0 2 0 0
43 2 0 0 0 0 0 2 0 0
46 2 0 0 0 0 0 1 0 0
47 9 0 0 3 0 0 0 0 0
48 6 0 0 3 0 0 3 0 0
49 6 0 0 0 0 0 3 0 0
51 6 0 0 3 0 0 0 0 0
52 9 0 0 9 0 0 0 0 0
fn=_dl_new_object
61 39 2 2 0 0 0 27 2 2
62 18 0 0 0 0 0 3 1 1
68 15 0 0 6 1 1 0 0 0
69 21 1 1 0 0 0 0 0 0
75 18 0 0 0 0 0 9 0 0
78 6 2 1 0 0 0 0 0 0
81 3 0 0 0 0 0 3 2 2
82 9 0 0 3 0 0 3 3 3
86 6 0 0 0 0 0 3 1 1
87 21 2 1 6 0 0 9 1 1
89 3 0 0 0 0 0 3 0 0
97 18 0 0 6 0 0 3 1 1
98 18 2 1 6 3 3 3 0 0
101 6 0 0 3 0 0 0 0 0
102 8 2 2 2 0 0 3 3 3
103 3 0 0 0 0 0 3 0 0
107 3 0 0 0 0 0 3 0 0
110 44 0 0 0 0 0 0 0 0
112 32 0 0 0 0 0 16 4 4
122 6 2 1 0 0 0 3 0 0
123 3 0 0 0 0 0 3 3 3
128 18 0 0 3 1 1 0 0 0
130 8 1 0 0 0 0 2 1 1
133 8 2 2 0 0 0 0 0 0
137 6 0 0 2 0 0 0 0 0
141 12 1 1 0 0 0 0 0 0
149 1 0 0 0 0 0 1 0 0
152 6 0 0 0 0 0 3 1 1
155 9 2 1 0 0 0 3 0 0
157 14 0 0 2 0 0 4 0 0
161 8 0 0 2 0 0 0 0 0
165 6 1 0 0 0 0 2 0 0
166 8 0 0 0 0 0 0 0 0
211 48 1 1 4 0 0 2 0 0
216 42 0 0 0 0 0 0 0 0
217 88 0 0 42 0 0 0 0 0
222 4 0 0 0 0 0 2 0 0
225 2 0 0 0 0 0 2 0 0
229 27 0 0 21 0 0 0 0 0
fl=/build/glibc-mXZSwJ/glibc-2.24/elf/dl-open.c
fn=_dl_find_dso_for_object
182 5 1 1 1 0 0 0 0 0
183 10 2 2 3 0 0 0 0 0
184 12 0 0 6 1 0 0 0 0
185 2 0 0 1 0 0 0 0 0
188 2 1 1 1 0 0 0 0 0
192 1 0 0 1 0 0 0 0 0
fl=/build/glibc-mXZSwJ/glibc-2.24/elf/dl-reloc.c
fn=_dl_relocate_object
149 48 2 2 0 0 0 32 0 0
156 4 0 0 0 0 0 4 0 0
159 8 0 0 0 0 0 0 0 0
160 16 0 0 0 0 0 8 0 0
164 8 0 0 0 0 0 0 0 0
165 24 0 0 4 1 0 4 0 0
171 8 0 0 4 0 0 0 0 0
177 12 1 1 4 0 0 0 0 0
178 8 1 1 4 3 0 0 0 0
181 8 0 0 4 0 0 0 0 0
188 8 0 0 4 0 0 0 0 0
232 12 0 0 8 0 0 4 0 0
259 192 4 4 59 12 0 53 0 0
262 16 0 0 4 0 0 0 0 0
286 4 0 0 4 0 0 0 0 0
289 8 0 0 4 0 0 0 0 0
306 12 0 0 4 2 0 0 0 0
308 32 0 0 28 1 0 0 0 0
314 28 1 1 12 0 0 4 0 0
317 8 0 0 0 0 0 0 0 0
321 8 0 0 0 0 0 0 0 0
322 24 1 1 4 0 0 4 0 0
fl=/build/glibc-mXZSwJ/glibc-2.24/elf/dl-tls.c
fn=_dl_add_to_slotinfo
890 4 1 1 0 0 0 3 0 0
896 2 1 1 1 0 0 0 0 0
899 1 0 0 1 1 0 0 0 0
904 3 0 0 1 0 0 0 0 0
945 1 0 0 0 0 0 1 0 0
946 5 1 1 1 1 0 1 0 0
947 4 0 0 4 0 0 0 0 0
fn=_dl_allocate_tls_init
449 9 1 1 0 0 0 7 0 0
450 2 0 0 0 0 0 0 0 0
454 2 1 1 1 1 0 1 0 0
456 1 0 0 0 0 0 1 0 0
457 3 0 0 1 0 0 0 0 0
460 3 0 0 2 1 0 0 0 0
472 1 0 0 1 0 0 0 0 0
477 9 0 0 1 0 0 0 0 0
483 16 1 1 1 0 0 1 0 0
486 1 1 1 1 0 0 0 0 0
487 2 0 0 0 0 0 0 0 0
493 3 0 0 2 0 0 0 0 0
494 2 0 0 0 0 0 0 0 0
496 5 0 0 2 0 0 1 0 0
497 1 1 1 0 0 0 1 0 0
499 2 0 0 0 0 0 0 0 0
500 2 0 0 1 0 0 0 0 0
503 2 0 0 0 0 0 0 0 0
504 4 0 0 2 0 0 0 0 0
506 2 0 0 0 0 0 0 0 0
507 3 0 0 1 0 0 0 0 0
515 9 1 1 3 0 0 2 0 0
529 3 1 1 2 0 0 1 0 0
532 8 0 0 7 0 0 0 0 0
fn=_dl_allocate_tls_storage
321 2 1 1 1 0 0 0 0 0
322 3 0 0 0 0 0 1 0 0
323 2 0 0 0 0 0 0 0 0
326 1 0 0 0 0 0 1 1 1
332 2 0 0 0 0 0 1 0 0
354 3 1 1 0 0 0 3 0 0
356 1 0 0 1 0 0 0 0 0
367 3 0 0 1 0 0 1 0 0
368 2 0 0 0 0 0 0 0 0
375 2 1 1 0 0 0 0 0 0
379 297 0 0 0 0 0 289 36 36
396 5 0 0 4 0 0 0 0 0
fn=_dl_count_modids
115 2 1 1 1 0 0 0 0 0
116 2 0 0 2 0 0 0 0 0
fn=_dl_determine_tlsoffset
138 5 0 0 0 0 0 5 0 0
144 3 1 1 1 0 0 0 0 0
147 2 1 1 1 0 0 0 0 0
183 12 0 0 2 0 0 0 0 0
185 10 0 0 1 0 0 0 0 0
187 3 1 1 1 0 0 0 0 0
188 2 1 1 1 0 0 0 0 0
190 2 0 0 0 0 0 0 0 0
192 5 0 0 1 0 0 0 0 0
208 8 1 1 0 0 0 0 0 0
210 2 0 0 0 0 0 0 0 0
211 2 0 0 0 0 0 0 0 0
220 1 0 0 0 0 0 1 0 0
223 1 1 1 0 0 0 1 0 0
224 1 0 0 0 0 0 1 0 0
275 1 0 0 0 0 0 1 0 0
276 6 0 0 6 0 0 0 0 0
fn=_dl_next_tls_modid
52 4 1 1 2 0 0 0 0 0
100 2 0 0 1 0 0 1 0 0
fl=/build/glibc-mXZSwJ/glibc-2.24/elf/dl-version.c
fn=_dl_check_all_versions
380 5 1 1 0 0 0 4 0 0
384 19 0 0 4 0 0 0 0 0
385 4 0 0 0 0 0 0 0 0
386 40 1 1 4 0 0 4 0 0
389 7 1 1 5 0 0 0 0 0
fn=_dl_check_map_versions
56 24 0 0 4 0 0 0 0 0
57 5 0 0 5 0 0 0 0 0
58 35 1 1 0 0 0 7 0 0
174 32 1 1 0 0 0 24 0 0
175 2 0 0 0 0 0 0 0 0
183 2 1 1 0 0 0 0 0 0
189 12 0 0 4 0 0 0 0 0
191 8 0 0 4 0 0 4 0 0
193 8 0 0 4 0 0 4 0 0
194 20 1 1 4 0 0 12 0 0
196 8 0 0 0 0 0 0 0 0
199 6 0 0 4 0 0 2 0 0
203 10 1 1 2 2 2 0 0 0
220 4 0 0 4 0 0 0 0 0
228 6 0 0 2 0 0 0 0 0
233 11 0 0 4 0 0 0 0 0
237 90 2 2 46 2 1 10 0 0
239 5 0 0 5 1 1 0 0 0
244 30 0 0 15 0 0 0 0 0
247 15 0 0 5 0 0 0 0 0
256 8 0 0 4 0 0 0 0 0
270 9 1 1 4 0 0 0 0 0
273 8 0 0 6 0 0 0 0 0
276 124 0 0 31 5 5 0 0 0
279 93 0 0 31 3 3 0 0 0
283 29 0 0 0 0 0 0 0 0
287 6 1 1 0 0 0 0 0 0
292 3 0 0 0 0 0 3 0 0
293 12 1 1 0 0 0 3 0 0
294 6 0 0 0 0 0 0 0 0
302 3 0 0 0 0 0 3 0 0
305 9 1 1 6 0 0 3 0 0
307 9 0 0 3 0 0 0 0 0
310 8 0 0 6 0 0 0 0 0
314 6 0 0 2 0 0 0 0 0
317 15 0 0 5 0 0 0 0 0
319 15 0 0 0 0 0 0 0 0
321 25 1 1 5 0 0 5 0 0
322 15 0 0 0 0 0 5 2 2
323 15 0 0 5 0 0 5 0 0
324 15 0 0 5 0 0 5 1 1
327 15 0 0 5 0 0 0 0 0
332 3 0 0 0 0 0 0 0 0
335 6 0 0 2 0 0 0 0 0
345 9 1 1 3 0 0 0 0 0
348 8 0 0 6 0 0 0 0 0
352 29 0 0 29 0 0 0 0 0
354 62 0 0 31 0 0 0 0 0
358 29 0 0 29 0 0 0 0 0
359 145 0 0 29 0 0 29 8 8
360 87 0 0 29 0 0 29 0 0
361 29 0 0 0 0 0 29 4 4
364 95 0 0 31 0 0 0 0 0
368 29 0 0 0 0 0 0 0 0
374 36 0 0 28 0 0 0 0 0
fn=match_symbol
76 65 2 2 0 0 0 40 0 0
77 10 0 0 10 0 0 0 0 0
85 10 0 0 5 0 0 0 0 0
91 15 0 0 5 0 0 0 0 0
106 5 0 0 5 1 0 0 0 0
107 10 0 0 0 0 0 0 0 0
109 5 0 0 5 0 0 0 0 0
114 58 0 0 29 6 6 0 0 0
128 58 0 0 29 1 1 0 0 0
130 5 1 1 5 0 0 0 0 0
133 30 1 1 5 0 0 5 0 0
140 72 1 1 24 1 1 0 0 0
144 24 0 0 0 0 0 0 0 0
168 40 0 0 35 0 0 0 0 0
fl=/build/glibc-mXZSwJ/glibc-2.24/elf/do-rel.h
fn=_dl_relocate_object
47 24 1 1 8 0 0 8 0 0
48 8 0 0 8 0 0 0 0 0
58 24 0 0 8 0 0 0 0 0
61 87 0 0 0 0 0 0 0 0
63 100 1 1 25 8 8 0 0 0
65 26 0 0 0 0 0 0 0 0
74 6 0 0 0 0 0 0 0 0
75 46 2 2 17 0 0 0 0 0
76 16 0 0 8 0 0 0 0 0
83 10 0 0 5 0 0 5 0 0
84 5 1 1 5 0 0 0 0 0
86 20 1 1 10 0 0 0 0 0
98 15 0 0 0 0 0 0 0 0
108 9 1 1 1 1 1 0 0 0
111 3602 0 0 0 0 0 0 0 0
112 2396 0 0 1198 0 0 0 0 0
118 15 0 0 5 4 0 0 0 0
121 8 0 0 4 3 0 4 0 0
124 302 2 2 101 1 0 3 1 0
127 376 0 0 94 25 22 0 0 0
136 376 0 0 188 42 40 0 0 0
137 376 0 0 94 0 0 94 0 0
138 325 0 0 94 1 0 0 0 0
139 188 0 0 94 0 0 0 0 0
143 6 0 0 0 0 0 0 0 0
160 26 1 1 8 0 0 2 0 0
162 24 1 1 6 2 2 0 0 0
170 36 0 0 6 0 0 6 0 0
171 12 0 0 6 0 0 0 0 0
174 2 1 1 0 0 0 0 0 0
fn=_dl_start
83 1 0 0 1 0 0 0 0 0
84 1 0 0 1 0 0 0 0 0
111 33 0 0 0 0 0 0 0 0
112 20 0 0 10 2 2 0 0 0
116 2 0 0 1 0 0 0 0 0
124 22 1 1 0 0 0 0 0 0
136 18 1 1 6 1 1 0 0 0
137 12 0 0 0 0 0 0 0 0
139 12 0 0 6 0 0 0 0 0
fl=/build/glibc-mXZSwJ/glibc-2.24/elf/get-dynamic-info.h
fn=_dl_map_object_from_fd
39 4 0 0 0 0 0 0 0 0
43 2 0 0 0 0 0 0 0 0
45 141 0 0 47 13 13 0 0 0
47 90 0 0 0 0 0 0 0 0
60 42 1 1 0 0 0 0 0 0
61 71 0 0 0 0 0 43 11 11
62 8 0 0 0 0 0 0 0 0
64 2 0 0 0 0 0 0 0 0
65 10 0 0 0 0 0 0 0 0
67 2 1 1 0 0 0 0 0 0
68 10 1 1 0 0 0 0 0 0
69 2 0 0 0 0 0 0 0 0
70 8 0 0 0 0 0 2 0 0
71 45 0 0 0 0 0 0 0 0
78 4 1 1 0 0 0 0 0 0
98 7 0 0 3 0 0 0 0 0
99 8 0 0 4 0 0 0 0 0
100 8 0 0 4 0 0 0 0 0
101 8 0 0 4 0 0 0 0 0
103 8 1 1 4 0 0 0 0 0
108 8 0 0 4 0 0 0 0 0
109 7 0 0 3 1 1 0 0 0
110 8 0 0 4 0 0 0 0 0
116 6 0 0 2 0 0 0 0 0
121 4 1 1 2 0 0 0 0 0
128 4 0 0 2 0 0 0 0 0
129 6 0 0 4 0 0 0 0 0
145 6 0 0 2 0 0 0 0 0
150 2 0 0 1 0 0 1 0 0
152 2 0 0 0 0 0 0 0 0
154 2 0 0 0 0 0 0 0 0
156 2 0 0 0 0 0 0 0 0
159 6 1 1 2 0 0 0 0 0
161 4 0 0 1 0 0 1 0 0
169 2 1 1 1 0 0 0 0 0
174 2 0 0 0 0 0 0 0 0
177 4 0 0 2 0 0 0 0 0
fn=_dl_start
45 57 0 0 19 6 6 0 0 0
47 36 1 1 0 0 0 0 0 0
48 1 1 1 0 0 0 0 0 0
60 21 0 0 0 0 0 0 0 0
61 29 0 0 0 0 0 17 7 7
62 4 0 0 0 0 0 0 0 0
64 2 0 0 0 0 0 0 0 0
65 5 1 1 0 0 0 0 0 0
67 2 0 0 0 0 0 0 0 0
68 5 1 1 0 0 0 0 0 0
69 1 0 0 0 0 0 0 0 0
70 5 0 0 0 0 0 1 1 1
71 18 0 0 0 0 0 0 0 0
78 2 1 1 0 0 0 0 0 0
98 4 0 0 2 0 0 0 0 0
99 4 0 0 2 0 0 0 0 0
100 4 0 0 2 0 0 0 0 0
101 4 1 1 2 0 0 0 0 0
103 4 0 0 2 0 0 0 0 0
108 4 0 0 2 0 0 0 0 0
109 4 0 0 2 0 0 0 0 0
110 4 1 1 2 0 0 0 0 0
116 3 0 0 1 0 0 0 0 0
121 2 0 0 1 0 0 0 0 0
128 3 0 0 1 0 0 0 0 0
129 3 0 0 2 0 0 0 0 0
137 3 1 1 1 0 0 0 0 0
139 3 0 0 1 0 0 0 0 0
142 2 0 0 1 0 0 0 0 0
143 2 1 1 1 0 0 0 0 0
fn=dl_main
30 1 0 0 1 0 0 0 0 0
39 2 0 0 0 0 0 0 0 0
43 1 0 0 0 0 0 0 0 0
45 72 0 0 24 7 7 0 0 0
47 46 1 1 0 0 0 0 0 0
60 17 0 0 0 0 0 0 0 0
61 33 0 0 0 0 0 22 6 6
62 4 0 0 0 0 0 0 0 0
64 1 0 0 0 0 0 0 0 0
65 5 1 1 0 0 0 0 0 0
67 1 0 0 0 0 0 0 0 0
68 5 2 2 0 0 0 0 0 0
69 1 0 0 0 0 0 0 0 0
70 4 0 0 0 0 0 1 0 0
71 23 0 0 0 0 0 0 0 0
78 3 0 0 1 0 0 0 0 0
116 3 1 1 1 0 0 0 0 0
121 2 0 0 1 0 0 0 0 0
128 2 1 1 1 0 0 0 0 0
129 3 0 0 2 0 0 0 0 0
145 3 0 0 1 0 0 0 0 0
159 3 1 1 1 0 0 0 0 0
177 2 1 1 1 0 0 0 0 0
fl=/build/glibc-mXZSwJ/glibc-2.24/elf/rtld.c
fn=_dl_initial_error_catch_tsd
664 8 1 1 4 0 0 0 0 0
fn=_dl_start
302 2 0 0 0 0 0 1 1 1
303 2 1 1 0 0 0 1 0 0
304 2 0 0 0 0 0 1 1 1
305 2 0 0 0 0 0 1 0 0
306 2 0 0 0 0 0 1 0 0
314 5 1 1 0 0 0 1 1 1
317 1 0 0 0 0 0 1 0 0
323 4 0 0 0 0 0 1 0 0
332 4 0 0 0 0 0 0 0 0
335 2 0 0 1 1 0 1 1 0
339 2 0 0 1 0 0 0 0 0
353 9 1 1 0 0 0 6 1 1
371 5 0 0 0 0 0 1 1 1
394 1 0 0 0 0 0 1 0 0
397 1 0 0 0 0 0 1 1 1
408 2 0 0 0 0 0 0 0 0
413 26 2 2 8 0 0 0 0 0
415 1 0 0 1 1 1 0 0 0
440 9 0 0 7 1 0 0 0 0
fn=dl_main
719 1 0 0 1 0 0 0 0 0
721 1 0 0 0 0 0 1 0 0
730 1 0 0 0 0 0 1 0 0
732 1 0 0 0 0 0 1 0 0
737 1 0 0 0 0 0 1 0 0
790 12 2 2 0 0 0 7 2 2
799 1 0 0 0 0 0 0 0 0
805 1 1 1 0 0 0 1 0 0
809 2 0 0 0 0 0 1 0 0
812 2 0 0 0 0 0 1 1 1
816 2 0 0 0 0 0 1 1 1
817 2 0 0 0 0 0 1 0 0
822 2 1 1 0 0 0 1 0 0
832 3 1 1 1 0 0 0 0 0
1033 8 1 1 0 0 0 1 0 0
1035 2 0 0 0 0 0 0 0 0
1036 1 0 0 0 0 0 1 0 0
1037 2 0 0 1 0 0 1 0 0
1038 2 1 1 1 0 0 1 0 0
1042 3 0 0 0 0 0 1 0 0
1043 3 0 0 1 0 0 0 0 0
1064 1 0 0 0 0 0 1 1 1
1065 1 1 1 0 0 0 1 0 0
1067 1 0 0 0 0 0 1 0 0
1069 1 0 0 1 0 0 0 0 0
1072 33 0 0 1 0 0 0 0 0
1073 71 1 1 9 5 5 0 0 0
1077 3 1 1 1 0 0 1 0 0
1078 1 1 1 0 0 0 0 0 0
1082 3 1 1 2 0 0 1 0 0
1083 1 0 0 0 0 0 0 0 0
1091 2 1 1 0 0 0 1 1 1
1092 3 1 1 2 1 1 0 0 0
1094 1 0 0 0 0 0 1 0 0
1101 2 0 0 1 0 0 0 0 0
1113 1 1 1 0 0 0 0 0 0
1119 1 0 0 0 0 0 0 0 0
1127 4 0 0 2 0 0 0 0 0
1128 11 1 1 3 1 1 0 0 0
1129 4 0 0 2 0 0 0 0 0
1130 1 0 0 0 0 0 1 0 0
1133 4 0 0 2 1 1 0 0 0
1134 4 0 0 2 0 0 0 0 0
1135 2 0 0 0 0 0 2 0 0
1136 6 0 0 3 0 0 0 0 0
1137 2 0 0 0 0 0 1 0 0
1164 2 0 0 1 0 0 1 0 0
1165 1 0 0 0 0 0 0 0 0
1168 2 0 0 1 0 0 1 0 0
1169 2 0 0 1 0 0 1 0 0
1170 1 0 0 0 0 0 0 0 0
1175 5 1 1 3 1 1 0 0 0
1178 2 0 0 0 0 0 0 0 0
1180 2 0 0 0 0 0 0 0 0
1182 3 1 1 1 0 0 0 0 0
1195 3 0 0 1 0 0 0 0 0
1196 9 1 1 4 0 0 2 0 0
1201 2 0 0 1 0 0 1 0 0
1203 1 0 0 0 0 0 1 1 1
1204 1 0 0 0 0 0 1 0 0
1206 2 0 0 1 0 0 0 0 0
1207 2 1 1 0 0 0 1 0 0
1211 2 0 0 1 0 0 0 0 0
1213 2 0 0 0 0 0 0 0 0
1218 2 0 0 0 0 0 1 0 0
1221 2 0 0 1 0 0 0 0 0
1237 4 1 1 0 0 0 2 0 0
1243 9 2 2 1 0 0 2 0 0
1248 2 1 1 1 0 0 1 0 0
1251 4 0 0 1 0 0 1 0 0
1253 1 0 0 0 0 0 1 0 0
1258 2 0 0 1 0 0 0 0 0
1261 3 1 1 2 0 0 1 0 0
1262 4 0 0 1 0 0 1 0 0
1263 2 0 0 1 0 0 1 0 0
1264 1 0 0 0 0 0 1 0 0
1265 1 0 0 1 0 0 0 0 0
1266 1 0 0 1 0 0 0 0 0
1271 2 1 1 1 0 0 0 0 0
1272 5 0 0 1 0 0 1 0 0
1289 2 0 0 1 1 1 0 0 0
1290 2 0 0 1 0 0 0 0 0
1292 3 0 0 1 0 0 0 0 0
1294 1 0 0 0 0 0 1 0 0
1295 4 1 1 1 0 0 1 1 1
1300 3 0 0 0 0 0 0 0 0
1301 5 1 1 1 1 1 0 0 0
1303 2 0 0 1 0 0 1 1 1
1304 2 0 0 1 0 0 1 0 0
1309 2 0 0 1 0 0 0 0 0
1314 3 0 0 1 0 0 0 0 0
1491 2 0 0 0 0 0 2 0 0
1499 3 0 0 1 0 0 0 0 0
1502 1 0 0 0 0 0 1 0 0
1506 3 0 0 1 0 0 0 0 0
1511 1 1 1 0 0 0 1 0 0
1512 1 0 0 0 0 0 1 0 0
1513 1 0 0 0 0 0 0 0 0
1517 3 0 0 1 0 0 0 0 0
1532 3 0 0 2 0 0 0 0 0
1533 1 0 0 0 0 0 0 0 0
1534 1 0 0 0 0 0 0 0 0
1536 3 0 0 1 0 0 0 0 0
1538 5 0 0 0 0 0 0 0 0
1539 3 1 1 0 0 0 1 0 0
1540 4 0 0 0 0 0 0 0 0
1542 2 0 0 1 0 0 0 0 0
1552 5 0 0 0 0 0 1 0 0
1629 4 1 1 2 0 0 0 0 0
1633 8 1 1 0 0 0 0 0 0
1634 1 0 0 0 0 0 0 0 0
1637 3 0 0 0 0 0 1 0 0
1638 1 0 0 1 0 0 0 0 0
1639 2 0 0 0 0 0 0 0 0
1640 2 0 0 0 0 0 0 0 0
1646 5 0 0 0 0 0 0 0 0
1647 8 0 0 1 0 0 1 0 0
1648 4 1 1 0 0 0 0 0 0
1650 2 0 0 1 0 0 0 0 0
1653 15 0 0 2 0 0 0 0 0
1654 12 1 1 8 0 0 0 0 0
1657 3 0 0 2 0 0 1 0 0
1658 4 1 1 1 0 0 0 0 0
1659 1 0 0 0 0 0 1 0 0
1661 10 0 0 0 0 0 0 0 0
1662 13 1 1 7 0 0 0 0 0
1672 2 1 1 0 0 0 1 0 0
1674 2 0 0 1 0 0 1 0 0
1675 3 0 0 1 0 0 0 0 0
1677 2 1 1 0 0 0 1 0 0
1679 3 0 0 0 0 0 0 0 0
1681 3 0 0 1 0 0 0 0 0
1682 1 0 0 1 0 0 0 0 0
1695 2 0 0 0 0 0 0 0 0
1696 2 0 0 1 0 0 1 0 0
1697 3 1 1 1 0 0 0 0 0
1708 5 0 0 1 0 0 1 0 0
1709 1 1 1 0 0 0 1 0 0
1710 5 0 0 0 0 0 1 0 0
1720 2 0 0 1 0 0 1 0 0
1721 2 0 0 1 0 0 0 0 0
1722 2 0 0 0 0 0 2 0 0
1724 2 1 1 1 0 0 0 0 0
1729 3 1 1 1 0 0 0 0 0
1959 3 0 0 1 1 1 0 0 0
2015 2 1 1 0 0 0 1 0 0
2019 4 0 0 2 0 0 2 0 0
2023 2 0 0 1 0 0 1 0 0
2026 2 0 0 1 0 0 0 0 0
2080 3 2 2 1 0 0 0 0 0
2087 1 0 0 1 0 0 0 0 0
2089 7 0 0 1 0 0 0 0 0
2091 11 1 1 0 0 0 0 0 0
2093 12 0 0 8 1 0 0 0 0
2098 8 0 0 8 0 0 0 0 0
2100 10 1 1 0 0 0 0 0 0
2102 1 1 1 0 0 0 1 0 0
2103 1 0 0 1 0 0 0 0 0
2106 4 0 0 4 0 0 0 0 0
2108 8 0 0 4 1 0 0 0 0
2109 24 0 0 6 2 0 3 0 0
2113 14 0 0 5 2 0 0 0 0
2114 3 0 0 0 0 0 1 0 0
2116 4 0 0 0 0 0 0 0 0
2118 2 0 0 0 0 0 1 0 0
2124 2 0 0 1 0 0 0 0 0
2129 4 2 2 2 0 0 0 0 0
2131 1 0 0 1 0 0 0 0 0
2136 3 0 0 1 0 0 1 0 0
2139 2 0 0 1 0 0 0 0 0
2148 3 0 0 2 0 0 0 0 0
2150 2 0 0 1 0 0 0 0 0
2165 5 1 1 0 0 0 0 0 0
2167 1 0 0 1 0 0 0 0 0
2168 5 0 0 1 0 0 1 0 0
2169 4 0 0 0 0 0 0 0 0
2171 2 1 1 1 0 0 0 0 0
2179 1 0 0 0 0 0 1 0 0
2183 3 0 0 1 0 0 0 0 0
2203 4 0 0 0 0 0 1 0 0
2204 1 0 0 0 0 0 1 0 0
2205 1 0 0 0 0 0 1 0 0
2206 1 0 0 0 0 0 0 0 0
2210 1 0 0 0 0 0 1 0 0
2215 8 0 0 7 2 0 0 0 0
2383 2 0 0 1 0 0 1 1 1
2385 1 0 0 0 0 0 1 0 0
2386 1 0 0 0 0 0 0 0 0
2390 12 1 1 1 0 0 4 0 0
2392 15 0 0 3 0 0 3 1 1
2396 107 1 1 21 1 1 0 0 0
2397 19 0 0 0 0 0 0 0 0
2399 4 0 0 0 0 0 0 0 0
2405 14 0 0 2 1 1 0 0 0
2426 6 1 1 0 0 0 1 0 0
2433 6 1 1 0 0 0 1 0 0
2435 3 0 0 0 0 0 1 0 0
2480 3 1 1 1 0 0 0 0 0
2481 6 1 1 0 0 0 1 0 0
2483 3 1 1 0 0 0 1 1 1
2553 3 0 0 1 0 0 0 0 0
2583 3 0 0 1 0 0 0 0 0
fn=handle_ld_preload
108 3 0 0 1 0 0 0 0 0
672 1 0 0 0 0 0 1 0 0
676 1 0 0 0 0 0 1 0 0
677 1 0 0 0 0 0 1 0 0
678 1 0 0 0 0 0 1 0 0
680 1 0 0 1 0 0 0 0 0
682 12 1 1 2 0 0 3 1 1
683 3 1 1 1 0 0 0 0 0
691 3 0 0 1 0 0 0 0 0
757 9 1 1 0 0 0 6 0 0
758 1 0 0 0 0 0 0 0 0
762 4 0 0 2 0 0 0 0 0
765 4 0 0 0 0 0 1 0 0
766 3 1 1 0 0 0 0 0 0
768 5 3 3 0 0 0 1 0 0
769 2 0 0 0 0 0 1 0 0
775 1 0 0 0 0 0 0 0 0
776 5 0 0 1 0 0 0 0 0
779 2 0 0 1 0 0 0 0 0
780 1 0 0 0 0 0 0 0 0
783 9 0 0 7 0 0 0 0 0
fn=init_tls
589 2 0 0 0 0 0 1 0 0
591 2 0 0 1 0 0 1 0 0
595 2 0 0 1 1 0 0 0 0
601 2 0 0 0 0 0 1 0 0
604 1 0 0 0 0 0 1 0 0
605 4 1 1 0 0 0 1 0 0
610 1 0 0 0 0 0 0 0 0
612 1 0 0 0 0 0 1 0 0
616 2 0 0 1 1 1 0 0 0
617 1 0 0 0 0 0 0 0 0
618 11 1 1 1 0 0 0 0 0
619 8 0 0 4 0 0 0 0 0
620 8 0 0 4 0 0 0 0 0
624 3 0 0 0 0 0 1 0 0
626 1 0 0 0 0 0 0 0 0
628 3 1 1 0 0 0 0 0 0
631 1 0 0 0 0 0 1 0 0
638 2 0 0 0 0 0 1 0 0
639 2 0 0 0 0 0 0 0 0
645 2 1 1 1 0 0 1 0 0
648 7 0 0 0 0 0 2 0 0
651 1 1 1 0 0 0 1 0 0
654 3 0 0 2 0 0 0 0 0
fn=map_doit
496 2 1 1 0 0 0 1 0 0
498 4 0 0 1 0 0 0 0 0
499 6 0 0 2 0 0 2 0 0
501 2 0 0 2 0 0 0 0 0
fn=rtld_lock_default_lock_recursive
704 8 1 1 8 2 1 0 0 0
fn=rtld_lock_default_unlock_recursive
710 8 0 0 8 1 0 0 0 0
fn=version_check_doit
529 2 1 1 0 0 0 1 0 0
531 6 0 0 2 0 0 1 0 0
535 2 0 0 2 0 0 0 0 0
fl=/build/glibc-mXZSwJ/glibc-2.24/elf/setup-vdso.h
fn=dl_main
24 2 1 1 1 0 0 0 0 0
fl=/build/glibc-mXZSwJ/glibc-2.24/gmon/../sysdeps/posix/profil.c
fn=__profil_counter
40 24 1 1 8 4 1 0 0 0
45 32 0 0 4 0 0 0 0 0
47 8 0 0 4 0 0 0 0 0
fn=profil
64 10 1 1 0 0 0 8 0 0
73 4 1 1 0 0 0 0 0 0
76 2 0 0 1 0 0 0 0 0
78 1 0 0 0 0 0 0 0 0
80 6 0 0 0 0 0 1 0 0
82 1 1 1 0 0 0 1 0 0
83 4 0 0 0 0 0 1 0 0
86 6 0 0 1 1 1 0 0 0
101 17 1 1 0 0 0 17 0 0
102 2 0 0 0 0 0 1 0 0
103 1 0 0 0 0 0 1 0 0
104 1 0 0 0 0 0 1 0 0
106 4 2 2 0 0 0 1 0 0
107 1 0 0 0 0 0 1 0 0
109 5 0 0 0 0 0 1 0 0
112 1 0 0 0 0 0 1 0 0
113 7 1 1 0 0 0 2 0 0
114 4 0 0 2 0 0 2 0 0
115 4 0 0 0 0 0 1 0 0
116 12 1 1 10 0 0 0 0 0
fl=/build/glibc-mXZSwJ/glibc-2.24/gmon/../sysdeps/unix/sysv/linux/prof-freq.c
fn=__profile_frequency
27 2 1 1 2 1 0 0 0 0
28 1 0 0 1 0 0 0 0 0
fl=/build/glibc-mXZSwJ/glibc-2.24/gmon/../sysdeps/unix/sysv/linux/x86_64/profil-counter.h
fn=__profil_counter
30 4 0 0 4 4 1 0 0 0
fl=/build/glibc-mXZSwJ/glibc-2.24/gmon/../sysdeps/x86_64/_mcount.S
fn=mcount
29 3 0 0 0 0 0 0 0 0
31 3 0 0 0 0 0 3 0 0
33 3 0 0 0 0 0 3 0 0
35 3 0 0 0 0 0 3 0 0
37 3 0 0 0 0 0 3 0 0
39 3 0 0 0 0 0 3 0 0
41 3 0 0 0 0 0 3 0 0
43 3 0 0 0 0 0 3 0 0
48 3 0 0 3 0 0 0 0 0
50 3 0 0 3 0 0 0 0 0
51 3 2 1 0 0 0 3 0 0
54 3 0 0 3 0 0 0 0 0
56 3 0 0 3 0 0 0 0 0
58 3 0 0 3 0 0 0 0 0
60 3 0 0 3 0 0 0 0 0
62 3 0 0 3 0 0 0 0 0
64 3 0 0 3 0 0 0 0 0
66 3 0 0 3 0 0 0 0 0
68 3 0 0 0 0 0 0 0 0
70 3 0 0 3 0 0 0 0 0
fl=/build/glibc-mXZSwJ/glibc-2.24/gmon/gmon.c
fn=_mcleanup
418 1 1 1 0 0 0 0 0 0
419 2 0 0 0 0 0 1 0 0
421 2 0 0 1 0 0 0 0 0
422 1 0 0 0 0 0 1 0 0
fn=moncontrol
76 2 0 0 0 0 0 0 0 0
80 4 1 1 2 0 0 0 0 0
83 4 0 0 0 0 0 0 0 0
86 5 0 0 4 0 0 1 0 0
87 2 0 0 0 0 0 1 0 0
92 5 0 0 0 0 0 1 0 0
93 1 0 0 0 0 0 1 0 0
95 4 0 0 2 0 0 0 0 0
fn=monstartup
101 5 1 1 0 0 0 4 0 0
110 3 1 1 0 0 0 1 1 1
111 3 0 0 0 0 0 1 0 0
112 3 0 0 0 0 0 1 0 0
113 5 0 0 0 0 0 1 1 1
114 1 0 0 0 0 0 1 0 0
121 1 0 0 0 0 0 1 1 1
123 1 0 0 0 0 0 1 0 0
124 9 1 1 0 0 0 1 0 0
125 2 0 0 0 0 0 0 0 0
127 2 1 1 0 0 0 0 0 0
128 1 1 1 0 0 0 0 0 0
129 1 0 0 0 0 0 1 0 0
131 4 1 1 0 0 0 1 0 0
132 2 0 0 0 0 0 0 0 0
139 1 0 0 0 0 0 1 1 0
140 1 0 0 0 0 0 0 0 0
141 1 1 1 0 0 0 1 1 0
142 2 0 0 0 0 0 1 0 0
145 1 0 0 0 0 0 1 0 0
147 1 0 0 0 0 0 0 0 0
148 3 0 0 0 0 0 0 0 0
151 11 0 0 1 1 1 1 1 1
166 1 0 0 0 0 0 0 0 0
168 2 0 0 0 0 0 0 0 0
169 5 0 0 4 0 0 0 0 0
fn=write_gmon
335 8 2 2 0 0 0 6 0 0
343 2 0 0 0 0 0 1 0 0
344 2 0 0 0 0 0 0 0 0
354 5 1 1 0 0 0 0 0 0
fl=/build/glibc-mXZSwJ/glibc-2.24/gmon/mcount.c
fn=__mcount_internal
60 6 1 1 0 0 0 3 0 0
72 12 0 0 3 0 0 0 0 0
81 3 0 0 3 0 0 0 0 0
82 6 0 0 3 0 0 0 0 0
93 4 0 0 2 1 0 0 0 0
97 6 0 0 2 0 0 0 0 0
98 2 0 0 2 0 0 0 0 0
99 4 0 0 0 0 0 0 0 0
103 8 1 1 4 0 0 2 0 0
104 4 0 0 2 0 0 0 0 0
108 2 0 0 0 0 0 2 0 0
109 4 0 0 0 0 0 0 0 0
110 2 0 0 0 0 0 2 0 0
111 2 0 0 0 0 0 2 0 0
112 2 1 0 0 0 0 2 0 0
169 3 1 1 0 0 0 3 0 0
174 6 0 0 6 0 0 0 0 0
fl=/build/glibc-mXZSwJ/glibc-2.24/io/../sysdeps/unix/syscall-template.S
fn=__read_nocancel
84 20 0 0 4 0 0 0 0 0
fn=__write_nocancel
84 169 0 0 33 0 0 0 0 0
fn=access
84 12 1 1 0 0 0 0 0 0
86 15 0 0 3 0 0 3 0 0
fn=close
84 12 0 0 0 0 0 0 0 0
85 3 0 0 3 0 0 0 0 0
fn=open
84 92 1 1 0 0 0 0 0 0
85 3 0 0 3 0 0 0 0 0
86 100 0 0 20 0 0 20 0 0
fn=read
84 16 4 1 4 0 0 0 0 0
85 2 0 0 2 0 0 0 0 0
fn=write
84 66 4 1 33 0 0 0 0 0
fl=/build/glibc-mXZSwJ/glibc-2.24/io/../sysdeps/unix/sysv/linux/wordsize-64/fxstat.c
fn=_fxstat
34 10 2 2 0 0 0 0 0 0
35 30 0 0 0 0 0 0 0 0
39 5 0 0 5 0 0 0 0 0
fl=/build/glibc-mXZSwJ/glibc-2.24/io/../sysdeps/unix/sysv/linux/wordsize-64/xstat.c
fn=_xstat
33 16 0 0 0 0 0 0 0 0
34 32 1 1 0 0 0 0 0 0
35 144 0 0 12 0 0 12 0 0
39 4 0 0 4 0 0 0 0 0
fl=/build/glibc-mXZSwJ/glibc-2.24/libio/../sysdeps/unix/sysv/linux/sys/sysmacros.h
fn=_IO_file_doallocate
41 12 0 0 0 0 0 0 0 0
fl=/build/glibc-mXZSwJ/glibc-2.24/libio/filedoalloc.c
fn=_IO_file_doallocate
78 10 1 1 0 0 0 6 0 0
84 18 0 0 6 2 0 2 1 0
86 8 0 0 2 0 0 0 0 0
89 4 0 0 0 0 0 0 0 0
91 4 1 1 2 0 0 0 0 0
94 2 0 0 2 0 0 0 0 0
97 6 0 0 2 0 0 0 0 0
101 6 1 1 0 0 0 2 0 0
102 4 0 0 0 0 0 0 0 0
103 2 0 0 0 0 0 0 0 0
104 8 0 0 0 0 0 2 0 0
105 2 0 0 0 0 0 0 0 0
106 10 0 0 8 0 0 0 0 0
fl=/build/glibc-mXZSwJ/glibc-2.24/libio/fileops.c
fn=_IO_do_write@@GLIBC_2.2.5
500 330 1 1 0 0 0 198 0 0
502 234 1 1 0 0 0 0 0 0
503 265 0 0 232 0 0 0 0 0
511 66 0 0 33 0 0 0 0 0
518 231 1 1 66 0 0 0 0 0
526 198 1 1 66 0 0 33 0 0
527 165 5 1 33 0 0 0 0 0
529 132 0 0 33 0 0 99 0 0
530 66 0 0 0 0 0 66 0 0
531 33 0 0 0 0 0 33 0 0
532 66 5 1 33 0 0 0 0 0
533 99 0 0 33 0 0 0 0 0
fn=_IO_file_overflow@@GLIBC_2.2.5
815 915 0 0 0 0 0 549 1 0
816 549 2 1 183 0 0 0 0 0
823 1094 0 0 364 0 0 0 0 0
826 2 1 1 1 0 0 0 0 0
828 2 1 1 0 0 0 1 0 0
829 6 0 0 2 0 0 3 0 0
838 2 0 0 0 0 0 0 0 0
847 4 0 0 2 0 0 0 0 0
849 1 0 0 0 0 0 1 0 0
850 2 0 0 0 0 0 1 0 0
851 1 0 0 0 0 0 1 0 0
852 2 1 1 0 0 0 2 0 0
854 3 0 0 0 0 0 1 0 0
855 5 0 0 1 0 0 0 0 0
856 2 0 0 0 0 0 1 0 0
858 366 1 1 0 0 0 0 0 0
859 36 1 1 0 0 0 0 0 0
860 18 0 0 0 0 0 0 0 0
861 330 0 0 165 0 0 0 0 0
864 495 0 0 0 0 0 330 1 1
865 495 0 0 165 0 0 0 0 0
866 825 0 0 0 0 0 0 0 0
867 64 3 1 0 0 0 16 0 0
868 48 2 0 32 0 0 0 0 0
871 714 3 0 714 0 0 0 0 0
fn=_IO_file_read
1224 16 1 1 8 0 0 0 0 0
fn=_IO_file_stat
1237 2 1 1 0 0 0 0 0 0
1238 6 0 0 2 0 0 0 0 0
fn=_IO_file_underflow@@GLIBC_2.2.5
539 20 0 0 0 0 0 20 0 0
547 12 4 1 4 0 0 0 0 0
553 12 0 0 8 0 0 0 0 0
554 4 1 1 0 0 0 0 0 0
556 12 0 0 4 0 0 0 0 0
559 3 1 1 1 0 0 0 0 0
564 4 1 1 1 0 0 1 0 0
569 8 4 1 0 0 0 0 0 0
579 80 2 2 44 0 0 4 0 0
581 12 0 0 0 0 0 0 0 0
583 16 0 0 8 0 0 4 0 0
589 8 0 0 0 0 0 4 0 0
595 12 0 0 4 0 0 8 0 0
596 4 0 0 0 0 0 4 0 0
597 8 0 0 0 0 0 8 0 0
598 4 0 0 0 0 0 4 0 0
600 20 0 0 12 0 0 4 0 0
602 8 0 0 0 0 0 0 0 0
609 4 0 0 4 0 0 0 0 0
618 12 0 0 4 0 0 0 0 0
620 8 0 0 8 1 1 0 0 0
621 24 0 0 24 0 0 0 0 0
fn=_IO_file_write@@GLIBC_2.2.5
1264 198 0 0 0 0 0 165 2 0
1266 231 1 1 0 0 0 0 0 0
1270 66 0 0 0 0 0 0 0 0
1271 198 0 0 66 0 0 33 1 0
1272 66 0 0 0 0 0 0 0 0
1277 33 0 0 0 0 0 0 0 0
1278 33 0 0 0 0 0 0 0 0
1281 99 1 1 33 0 0 0 0 0
1284 297 2 1 198 0 0 0 0 0
fn=_IO_file_xsputn@@GLIBC_2.2.5
1288 180 0 0 0 0 0 108 1 0
1294 36 0 0 0 0 0 0 0 0
1295 18 2 1 0 0 0 0 0 0
1301 72 1 1 18 0 0 0 0 0
1303 51 0 0 34 0 0 0 0 0
1304 34 0 0 0 0 0 0 0 0
1307 351 1 1 0 0 0 0 0 0
1309 485 0 0 159 0 0 0 0 0
1311 13 1 1 0 0 0 0 0 0
1318 5 1 1 2 0 0 0 0 0
1322 82 0 0 0 0 0 0 0 0
1327 85 0 0 0 0 0 34 0 0
1332 17 0 0 0 0 0 0 0 0
1333 51 0 0 0 0 0 0 0 0
1335 34 0 0 0 0 0 0 0 0
1339 84 0 0 28 0 0 14 0 0
1345 28 0 0 28 0 0 0 0 0
1346 84 0 0 0 0 0 0 0 0
1348 42 1 1 0 0 0 0 0 0
1359 28 0 0 0 0 0 0 0 0
1360 36 0 0 0 0 0 6 0 0
1362 36 0 0 0 0 0 0 0 0
1363 144 0 0 126 0 0 0 0 0
fl=/build/glibc-mXZSwJ/glibc-2.24/libio/genops.c
fn=_IO_default_uflow
412 16 4 1 0 0 0 8 0 0
413 12 0 0 8 0 0 4 1 0
414 8 0 0 0 0 0 0 0 0
416 16 0 0 8 0 0 4 0 0
417 16 0 0 12 0 0 0 0 0
fn=_IO_default_xsputn
422 48 0 0 0 0 0 36 0 0
425 12 4 1 0 0 0 0 0 0
430 632 1 1 316 0 0 0 0 0
455 1684 1 1 456 0 0 152 0 0
457 152 0 0 0 0 0 0 0 0
459 12 1 1 6 0 0 0 0 0
460 48 4 1 42 0 0 0 0 0
fn=_IO_doallocbuf
394 6 0 0 0 0 0 6 1 0
395 4 1 1 2 0 0 0 0 0
397 8 0 0 2 0 0 0 0 0
398 10 0 0 4 1 0 2 0 0
401 8 0 0 8 0 0 0 0 0
fn=_IO_setb
380 6 1 1 0 0 0 2 0 0
381 8 1 1 4 0 0 0 0 0
383 2 0 0 0 0 0 2 0 0
384 2 0 0 0 0 0 2 0 0
386 12 0 0 0 0 0 2 0 0
389 6 0 0 4 0 0 0 0 0
fn=_IO_sputbackc
679 32 1 1 0 0 0 16 0 0
682 24 0 0 16 0 0 0 0 0
683 16 0 0 8 0 0 0 0 0
685 32 1 1 0 0 0 8 0 0
692 8 0 0 8 0 0 0 0 0
695 32 0 0 24 0 0 0 0 0
fn=_IO_switch_to_get_mode
175 16 1 1 0 0 0 8 0 0
176 12 0 0 8 0 0 0 0 0
179 12 1 1 4 0 0 0 0 0
183 8 0 0 4 0 0 4 0 0
184 8 0 0 4 0 0 0 0 0
187 4 0 0 0 0 0 4 0 0
189 8 0 0 0 0 0 8 0 0
191 8 1 1 0 0 0 4 0 0
192 4 0 0 0 0 0 0 0 0
193 16 0 0 12 0 0 0 0 0
fn=__overflow
228 26 1 1 0 0 0 13 0 0
230 39 0 0 13 0 0 0 0 0
232 39 0 0 26 0 0 0 0 0
233 26 1 1 13 0 0 0 0 0
fn=__uflow
348 16 0 0 0 0 0 8 0 0
350 20 3 2 4 0 0 0 0 0
356 20 1 1 12 0 0 0 0 0
359 8 0 0 0 0 0 0 0 0
361 8 0 0 0 0 0 0 0 0
367 8 0 0 4 0 0 0 0 0
372 12 1 1 4 0 0 0 0 0
374 16 0 0 8 0 0 0 0 0
375 12 0 0 8 0 0 0 0 0
fl=/build/glibc-mXZSwJ/glibc-2.24/libio/ioputs.c
fn=puts
33 78 3 1 0 0 0 52 0 0
35 26 0 0 0 0 0 13 0 0
36 234 5 2 130 4 2 13 0 0
38 24 1 0 0 0 0 0 0 0
39 40 1 1 13 0 0 1 0 0
40 78 1 0 26 1 0 13 0 0
41 104 3 2 39 0 0 13 0 0
42 52 0 0 0 0 0 0 0 0
46 91 1 1 65 0 0 0 0 0
fl=/build/glibc-mXZSwJ/glibc-2.24/libio/libioP.h
fn=_IO_default_uflow
936 12 4 1 0 0 0 0 0 0
938 8 0 0 0 0 0 0 0 0
939 8 0 0 0 0 0 0 0 0
fn=_IO_default_xsputn
936 42 0 0 0 0 0 6 0 0
938 304 0 0 0 0 0 0 0 0
939 304 0 0 0 0 0 0 0 0
fn=_IO_do_write@@GLIBC_2.2.5
938 66 0 0 0 0 0 0 0 0
939 66 0 0 0 0 0 0 0 0
fn=_IO_doallocbuf
936 6 1 1 0 0 0 0 0 0
938 4 0 0 0 0 0 0 0 0
939 4 0 0 0 0 0 0 0 0
fn=_IO_file_doallocate
936 6 1 1 0 0 0 0 0 0
938 4 0 0 0 0 0 0 0 0
939 4 0 0 0 0 0 0 0 0
fn=_IO_file_underflow@@GLIBC_2.2.5
862 8 0 0 4 0 0 0 0 0
863 36 1 1 16 0 0 4 0 0
936 16 1 1 0 0 0 0 0 0
938 16 0 0 0 0 0 0 0 0
939 16 1 1 0 0 0 0 0 0
fn=_IO_file_xsputn@@GLIBC_2.2.5
936 42 1 1 0 0 0 0 0 0
938 28 0 0 0 0 0 0 0 0
939 28 0 0 0 0 0 0 0 0
fn=__overflow
936 39 0 0 0 0 0 0 0 0
938 26 0 0 0 0 0 0 0 0
939 26 0 0 0 0 0 0 0 0
fn=__uflow
936 12 0 0 0 0 0 0 0 0
938 8 0 0 0 0 0 0 0 0
939 8 0 0 0 0 0 0 0 0
fn=puts
862 26 0 0 13 0 0 0 0 0
863 104 1 1 52 0 0 13 0 0
936 39 0 0 0 0 0 0 0 0
938 26 0 0 0 0 0 0 0 0
939 26 0 0 0 0 0 0 0 0
fl=/build/glibc-mXZSwJ/glibc-2.24/malloc/arena.c
fn=malloc_hook_ini
257 3 1 1 1 1 1 0 0 0
fn=ptmalloc_init.part.5
218 186 0 0 62 8 0 0 0 0
220 122 0 0 61 27 13 0 0 0
221 12 0 0 6 0 0 0 0 0
222 10 0 0 5 0 0 0 0 0
236 61 0 0 0 0 0 0 0 0
255 6 1 1 0 0 0 5 0 0
260 1 0 0 0 0 0 1 0 0
268 2 1 1 1 0 0 0 0 0
269 7 1 1 0 0 0 1 0 0
270 4 1 1 2 0 0 0 0 0
274 3 1 0 1 1 0 1 1 0
276 5 0 0 2 2 0 0 0 0
292 2 1 1 0 0 0 0 0 0
337 2 1 1 0 0 0 0 0 0
344 2 0 0 2 2 1 0 0 0
345 2 0 0 0 0 0 0 0 0
348 1 0 0 0 0 0 1 1 0
349 7 0 0 6 0 0 0 0 0
fn=sysmalloc
485 4 0 0 0 0 0 1 0 0
fl=/build/glibc-mXZSwJ/glibc-2.24/malloc/hooks.c
fn=malloc_hook_ini
29 4 1 1 0 0 0 2 0 0
30 2 0 0 1 0 0 1 0 0
33 5 0 0 3 1 0 0 0 0
fl=/build/glibc-mXZSwJ/glibc-2.24/malloc/malloc.c
fn=_int_malloc
1890 9 2 1 3 0 0 0 0 0
3356 21 2 1 0 0 0 18 1 0
3386 37 3 2 0 0 0 3 1 1
3390 6 0 0 0 0 0 0 0 0
3392 3 0 0 0 0 0 0 0 0
3404 6 0 0 3 1 1 0 0 0
3441 6 1 1 0 0 0 0 0 0
3485 24 3 3 0 0 0 3 0 0
3486 6 0 0 3 0 0 0 0 0
3487 2 0 0 0 0 0 1 0 0
3506 18 2 1 3 0 0 3 0 0
3640 6 2 1 0 0 0 0 0 0
3642 15 1 1 3 0 0 0 0 0
3645 9 0 0 3 0 0 0 0 0
3713 6 0 0 3 0 0 0 0 0
3714 6 0 0 0 0 0 0 0 0
3715 6 0 0 0 0 0 0 0 0
3716 6 0 0 3 0 0 0 0 0
3717 6 0 0 0 0 0 0 0 0
3722 6 0 0 0 0 0 0 0 0
3726 15 1 1 0 0 0 0 0 0
3729 8 0 0 2 0 0 0 0 0
3829 3 1 1 3 0 0 0 0 0
3830 6 0 0 3 0 0 0 0 0
3832 9 1 1 0 0 0 0 0 0
3834 2 0 0 0 0 0 0 0 0
3835 2 0 0 0 0 0 0 0 0
3836 2 0 0 0 0 0 2 0 0
3837 18 1 1 0 0 0 2 0 0
3839 6 1 1 0 0 0 2 2 2
3842 2 0 0 0 0 0 0 0 0
3849 2 0 0 1 0 0 0 0 0
3854 9 0 0 0 0 0 3 0 0
3856 78 1 1 0 0 0 30 1 1
3864 4 0 0 0 0 0 1 0 0
3865 2 0 0 0 0 0 0 0 0
3870 27 1 1 21 0 0 0 0 0
5044 6 0 0 0 0 0 3 0 0
5046 18 3 2 0 0 0 3 0 0
fn=calloc
3209 5 0 0 0 0 0 5 0 0
3219 2 0 0 0 0 0 0 0 0
3222 2 1 1 0 0 0 0 0 0
3224 3 0 0 0 0 0 0 0 0
3232 2 1 1 2 1 0 0 0 0
3233 2 0 0 0 0 0 0 0 0
3236 3 1 1 1 0 0 1 0 0
3237 2 0 0 0 0 0 0 0 0
3240 3 1 1 0 0 0 0 0 0
3299 1 0 0 0 0 0 0 0 0
3348 5 0 0 5 1 0 0 0 0
fn=malloc
2916 6 2 1 0 0 0 4 0 0
2921 4 0 0 4 0 0 0 0 0
2922 4 2 1 0 0 0 0 0 0
2925 28 2 2 10 0 0 0 0 0
2927 8 1 1 0 0 0 2 0 0
2930 4 0 0 0 0 0 0 0 0
2938 8 0 0 4 0 0 0 0 0
2940 20 0 0 2 0 0 0 0 0
2943 10 0 0 6 0 0 0 0 0
fn=malloc_consolidate
1813 504 3 3 1 0 0 0 0 0
1814 378 1 1 0 0 0 130 33 32
1818 3 0 0 0 0 0 0 0 0
1822 3 1 1 1 0 0 1 0 0
1823 2 1 1 0 0 0 1 0 0
1825 2 0 0 0 0 0 1 0 0
4159 7 1 1 0 0 0 6 1 0
4181 7 0 0 5 1 1 0 0 0
4220 1 1 1 0 0 0 1 1 0
4254 8 0 0 7 0 0 0 0 0
fn=malloc_hook_ini
2922 2 0 0 0 0 0 0 0 0
2925 13 1 1 5 2 1 0 0 0
2927 4 1 1 0 0 0 1 0 0
2930 2 0 0 0 0 0 0 0 0
2937 2 1 1 1 1 0 1 0 0
2938 4 0 0 2 0 0 0 0 0
2940 10 1 1 1 0 0 0 0 0
fn=sysmalloc
2279 8 1 1 0 0 0 6 0 0
2299 2 0 0 2 1 0 0 0 0
2310 2 0 0 0 0 0 0 0 0
2311 6 1 1 1 0 0 2 1 0
2326 3 0 0 0 0 0 1 0 0
2391 1 0 0 1 0 0 0 0 0
2392 3 0 0 1 0 0 0 0 0
2393 1 0 0 0 0 0 0 0 0
2402 6 1 1 1 0 0 0 0 0
2408 3 0 0 0 0 0 0 0 0
2411 3 0 0 0 0 0 0 0 0
2464 3 2 2 1 0 0 0 0 0
2472 2 0 0 1 0 0 0 0 0
2473 1 0 0 0 0 0 0 0 0
2483 6 0 0 0 0 0 2 0 0
2491 2 0 0 0 0 0 0 0 0
2493 7 1 1 2 1 0 4 0 0
2494 2 0 0 1 0 0 0 0 0
2497 4 0 0 2 0 0 0 0 0
2500 4 0 0 2 1 0 0 0 0
2501 2 1 1 0 0 0 0 0 0
2547 2 0 0 1 1 0 0 0 0
2548 2 1 1 0 0 0 1 0 0
2549 3 0 0 1 0 0 1 0 0
2555 2 0 0 0 0 0 0 0 0
2558 7 1 1 1 0 0 0 0 0
2595 2 0 0 0 0 0 0 0 0
2601 4 0 0 0 0 0 0 0 0
2620 1 1 1 0 0 0 0 0 0
2623 2 0 0 0 0 0 0 0 0
2624 5 0 0 2 0 0 0 0 0
2626 2 0 0 0 0 0 0 0 0
2627 5 1 1 2 0 0 3 0 0
2639 4 0 0 2 0 0 0 0 0
2647 2 0 0 2 0 0 0 0 0
2648 4 0 0 1 0 0 0 0 0
2686 1 1 1 0 0 0 1 0 0
2687 5 0 0 0 0 0 1 1 1
2688 2 0 0 0 0 0 1 0 0
2699 2 0 0 0 0 0 0 0 0
2732 2 1 1 1 0 0 0 0 0
2733 1 0 0 0 0 0 1 0 0
2738 2 0 0 1 0 0 0 0 0
2741 2 0 0 0 0 0 0 0 0
2743 1 1 1 0 0 0 0 0 0
2744 1 0 0 0 0 0 0 0 0
2745 1 0 0 0 0 0 1 0 0
2746 8 0 0 0 0 0 1 0 0
2747 2 0 0 0 0 0 1 1 1
2749 1 0 0 0 0 0 0 0 0
2755 8 0 0 7 0 0 0 0 0
fl=/build/glibc-mXZSwJ/glibc-2.24/malloc/morecore.c
fn=__default_morecore
46 2 1 1 0 0 0 0 0 0
47 2 0 0 0 0 0 2 0 0
49 6 0 0 0 0 0 0 0 0
52 4 0 0 2 0 0 0 0 0
fl=/build/glibc-mXZSwJ/glibc-2.24/misc/../sysdeps/unix/syscall-template.S
fn=mprotect
84 24 1 1 0 0 0 0 0 0
85 6 0 0 6 0 0 0 0 0
fn=munmap
84 4 0 0 0 0 0 0 0 0
85 1 0 0 1 0 0 0 0 0
fl=/build/glibc-mXZSwJ/glibc-2.24/misc/../sysdeps/unix/sysv/linux/wordsize-64/mmap.c
fn=mmap
32 80 0 0 0 0 0 48 1 1
33 46 3 3 2 0 0 0 0 0
34 80 0 0 0 0 0 0 0 0
36 56 0 0 56 0 0 0 0 0
fl=/build/glibc-mXZSwJ/glibc-2.24/misc/../sysdeps/unix/sysv/linux/x86_64/brk.c
fn=brk
31 16 1 1 2 0 0 2 0 0
33 4 0 0 0 0 0 0 0 0
39 2 0 0 0 0 0 0 0 0
40 2 0 0 2 0 0 0 0 0
fl=/build/glibc-mXZSwJ/glibc-2.24/misc/init-misc.c
fn=__init_misc
30 3 0 0 0 0 0 2 0 0
31 6 1 1 1 0 0 0 0 0
33 3 0 0 0 0 0 1 0 0
37 5 0 0 1 1 0 1 1 0
38 3 1 1 2 1 0 1 0 0
40 4 0 0 3 0 0 0 0 0
fl=/build/glibc-mXZSwJ/glibc-2.24/misc/sbrk.c
fn=sbrk
34 8 1 1 0 0 0 6 0 0
42 11 0 0 5 3 1 0 0 0
43 6 1 1 1 0 0 1 0 0
46 4 0 0 0 0 0 0 0 0
50 6 0 0 0 0 0 0 0 0
58 4 0 0 0 0 0 1 0 0
62 10 1 1 8 0 0 0 0 0
fl=/build/glibc-mXZSwJ/glibc-2.24/posix/../sysdeps/unix/syscall-template.S
fn=uname
84 4 1 1 0 0 0 0 0 0
85 1 0 0 1 0 0 0 0 0
fl=/build/glibc-mXZSwJ/glibc-2.24/setjmp/../sysdeps/x86_64/bsd-_setjmp.S
fn=_setjmp
30 1 1 1 0 0 0 0 0 0
32 1 0 0 0 0 0 0 0 0
fl=/build/glibc-mXZSwJ/glibc-2.24/setjmp/../sysdeps/x86_64/setjmp.S
fn=__sigsetjmp
26 4 2 2 0 0 0 4 1 0
35 4 0 0 0 0 0 0 0 0
36 8 2 2 4 0 0 0 0 0
37 4 0 0 0 0 0 4 0 0
41 4 0 0 0 0 0 4 0 0
42 4 0 0 0 0 0 4 0 0
43 4 0 0 0 0 0 4 0 0
44 4 0 0 0 0 0 4 0 0
45 4 0 0 0 0 0 0 0 0
47 8 0 0 4 0 0 0 0 0
49 4 0 0 0 0 0 4 0 0
50 4 0 0 4 0 0 0 0 0
51 4 0 0 0 0 0 0 0 0
53 8 0 0 4 0 0 0 0 0
55 4 1 1 0 0 0 4 0 0
59 3 0 0 0 0 0 0 0 0
60 3 0 0 3 0 0 0 0 0
63 1 0 0 0 0 0 0 0 0
fl=/build/glibc-mXZSwJ/glibc-2.24/setjmp/sigjmp.c
fn=__sigjmp_save
28 2 0 0 0 0 0 1 0 0
29 3 0 0 0 0 0 1 1 0
34 3 0 0 2 0 0 0 0 0
fl=/build/glibc-mXZSwJ/glibc-2.24/signal/../nptl/sigaction.c
fn=sigaction
34 6 2 1 0 0 0 0 0 0
40 2 0 0 0 0 0 0 0 0
fl=/build/glibc-mXZSwJ/glibc-2.24/signal/../sysdeps/unix/sysv/linux/x86_64/sigaction.c
fn=__libc_sigaction
47 4 2 1 0 0 0 0 0 0
51 4 0 0 0 0 0 0 0 0
53 4 0 0 2 0 0 2 1 0
54 66 3 2 32 0 0 32 0 0
55 8 2 1 2 0 0 2 0 0
57 4 0 0 0 0 0 2 0 0
62 25 0 0 0 0 0 0 0 0
65 6 2 1 0 0 0 0 0 0
67 2 0 0 1 0 0 1 0 0
68 32 3 3 16 0 0 16 2 2
69 2 0 0 1 0 0 1 0 0
70 2 0 0 1 0 0 1 0 0
73 4 1 0 2 0 0 0 0 0
fl=/build/glibc-mXZSwJ/glibc-2.24/stdio-common/../include/scratch_buffer.h
fn=_IO_vfscanf
78 16 1 1 0 0 0 8 0 0
79 4 0 0 0 0 0 4 0 0
86 20 0 0 8 0 0 0 0 0
114 16 0 0 4 0 0 4 0 0
fl=/build/glibc-mXZSwJ/glibc-2.24/stdio-common/../libio/libioP.h
fn=__isoc99_scanf
871 4 4 1 4 0 0 0 0 0
872 8 0 0 4 0 0 0 0 0
873 32 0 0 16 0 0 4 0 0
fn=vfprintf
936 25 0 0 0 0 0 5 0 0
938 15 0 0 0 0 0 0 0 0
939 10 0 0 0 0 0 0 0 0
fl=/build/glibc-mXZSwJ/glibc-2.24/stdio-common/isoc99_scanf.c
fn=__isoc99_scanf
27 40 8 2 0 0 0 24 0 0
32 76 7 3 44 3 1 4 0 0
34 4 0 0 4 1 1 0 0 0
36 24 0 0 0 0 0 16 0 0
37 24 0 0 4 0 0 4 0 0
44 16 1 1 8 0 0 0 0 0
fl=/build/glibc-mXZSwJ/glibc-2.24/stdio-common/printf-parse.h
fn=vfprintf
108 20 4 1 0 0 0 10 1 0
fl=/build/glibc-mXZSwJ/glibc-2.24/stdio-common/printf.c
fn=printf
28 40 1 1 0 0 0 25 0 0
32 30 2 2 0 0 0 20 0 0
33 25 0 0 10 1 0 5 0 0
37 10 0 0 5 0 0 0 0 0
fl=/build/glibc-mXZSwJ/glibc-2.24/stdio-common/vfprintf.c
fn=vfprintf
1236 40 4 1 0 0 0 30 0 0
1267 15 0 0 10 1 0 5 1 0
1275 25 5 2 5 0 0 0 0 0
1279 25 0 0 5 0 0 0 0 0
1290 35 0 0 0 0 0 5 1 0
1301 30 0 0 15 0 0 15 1 0
1312 5 1 1 0 0 0 5 0 0
1316 45 3 1 10 1 1 10 0 0
1317 70 1 1 35 0 0 5 0 0
1320 60 2 2 15 0 0 5 0 0
1324 15 0 0 10 0 0 0 0 0
1690 50 1 1 25 0 0 5 0 0
1691 10 1 1 0 0 0 0 0 0
1694 45 0 0 35 0 0 0 0 0
fl=/build/glibc-mXZSwJ/glibc-2.24/stdio-common/vfscanf.c
fn=_IO_vfscanf
215 8 0 0 0 0 0 0 0 0
223 4 0 0 0 0 0 4 0 0
224 8 0 0 4 0 0 4 0 0
261 20 0 0 12 0 0 0 0 0
264 24 0 0 0 0 0 16 1 0
279 48 2 2 0 0 0 32 1 0
283 4 4 1 0 0 0 4 0 0
284 8 0 0 0 0 0 4 0 0
285 4 0 0 0 0 0 0 0 0
290 12 0 0 8 0 0 4 0 0
291 8 0 0 4 1 0 4 0 0
295 4 0 0 0 0 0 4 0 0
315 4 1 1 0 0 0 4 0 0
327 4 0 0 0 0 0 4 0 0
328 8 0 0 0 0 0 4 0 0
329 4 0 0 0 0 0 4 0 0
330 8 0 0 0 0 0 4 0 0
334 4 0 0 0 0 0 0 0 0
341 24 0 0 12 0 0 12 0 0
347 19 4 1 4 1 0 1 0 0
350 20 0 0 4 0 0 0 0 0
354 8 0 0 8 0 0 0 0 0
361 8 4 1 4 1 0 4 0 0
367 4 0 0 4 0 0 0 0 0
369 16 0 0 4 1 1 4 0 0
374 64 6 4 28 0 0 12 0 0
379 4 0 0 0 0 0 4 0 0
383 24 0 0 8 0 0 0 0 0
420 8 0 0 0 0 0 0 0 0
443 4 0 0 0 0 0 0 0 0
444 8 0 0 0 0 0 0 0 0
449 8 1 0 0 0 0 0 0 0
454 8 1 1 4 0 0 0 0 0
483 12 3 1 4 0 0 4 0 0
489 16 0 0 4 0 0 0 0 0
507 24 1 1 4 0 0 0 0 0
528 20 1 1 0 0 0 4 0 0
535 4 0 0 0 0 0 0 0 0
538 44 4 3 4 1 1 0 0 0
618 8 1 1 0 0 0 0 0 0
623 16 0 0 4 0 0 0 0 0
624 24 1 1 4 0 0 4 2 0
627 36 1 1 16 0 0 12 0 0
628 12 0 0 0 0 0 4 0 0
634 103 4 4 33 0 0 23 1 0
637 32 1 1 14 3 2 0 0 0
638 12 0 0 4 0 0 8 0 0
639 44 5 2 8 0 0 12 0 0
643 48 1 1 16 1 1 4 0 0
1395 4 0 0 0 0 0 4 0 0
1396 4 0 0 4 0 0 0 0 0
1397 8 0 0 0 0 0 0 0 0
1404 36 3 2 12 0 0 4 0 0
1409 12 0 0 0 0 0 0 0 0
1418 16 1 1 0 0 0 0 0 0
1441 16 1 1 4 0 0 0 0 0
1444 20 2 2 8 0 0 4 0 0
1739 32 1 1 0 0 0 0 0 0
1741 16 0 0 8 0 0 0 0 0
1743 8 1 1 4 0 0 0 0 0
1746 52 0 0 12 0 0 0 0 0
1748 44 1 1 12 0 0 8 0 0
1805 16 0 0 0 0 0 0 0 0
1807 40 1 1 12 0 0 4 0 0
1810 12 1 1 4 0 0 0 0 0
1817 8 0 0 0 0 0 0 0 0
1818 8 0 0 0 0 0 0 0 0
1819 8 1 1 4 0 0 0 0 0
1820 8 0 0 0 0 0 0 0 0
1846 32 1 1 4 0 0 8 0 0
1850 8 0 0 4 0 0 0 0 0
1867 20 1 1 4 0 0 4 0 0
1868 24 0 0 12 0 0 4 0 0
1874 12 4 1 8 0 0 0 0 0
1877 20 0 0 4 0 0 4 0 0
1879 8 0 0 0 0 0 0 0 0
1883 12 0 0 0 0 0 0 0 0
1885 8 1 1 4 0 0 0 0 0
1887 8 4 1 4 0 0 0 0 0
1888 12 0 0 4 0 0 0 0 0
1902 40 3 1 12 0 0 8 0 0
1906 8 4 1 4 0 0 0 0 0
2215 8 0 0 0 0 0 4 1 0
2671 8 0 0 0 0 0 4 0 0
3014 8 0 0 0 0 0 0 0 0
3024 32 5 2 16 0 0 0 0 0
3027 12 4 1 4 0 0 0 0 0
3030 8 0 0 4 0 0 0 0 0
3047 8 0 0 4 0 0 0 0 0
3053 36 0 0 32 0 0 0 0 0
fl=/build/glibc-mXZSwJ/glibc-2.24/stdlib/../stdlib/strtol.c
fn=__strtol_internal
98 12 1 1 8 0 0 0 0 0
fl=/build/glibc-mXZSwJ/glibc-2.24/stdlib/../stdlib/strtol_l.c
fn=____strtol_l_internal
227 36 1 1 0 0 0 28 0 0
247 8 0 0 0 0 0 0 0 0
253 8 0 0 0 0 0 0 0 0
274 4 0 0 0 0 0 0 0 0
275 4 0 0 0 0 0 0 0 0
284 16 0 0 0 0 0 0 0 0
293 24 1 1 12 0 0 0 0 0
295 8 0 0 0 0 0 0 0 0
299 4 0 0 0 0 0 4 0 0
300 8 0 0 0 0 0 0 0 0
305 8 1 1 0 0 0 0 0 0
309 8 0 0 0 0 0 0 0 0
319 8 0 0 0 0 0 0 0 0
326 8 0 0 0 0 0 0 0 0
329 20 1 1 0 0 0 4 0 0
379 4 0 0 0 0 0 0 0 0
433 12 1 1 4 0 0 0 0 0
435 40 1 1 8 1 0 0 0 0
437 12 1 1 0 0 0 0 0 0
461 4 0 0 4 0 0 0 0 0
462 12 0 0 0 0 0 0 0 0
465 12 1 1 0 0 0 0 0 0
468 16 0 0 4 0 0 0 0 0
473 20 1 1 0 0 0 4 0 0
474 16 0 0 0 0 0 0 0 0
479 8 0 0 0 0 0 0 0 0
484 12 0 0 4 0 0 0 0 0
485 4 0 0 0 0 0 4 0 0
490 8 1 1 0 0 0 0 0 0
491 8 1 1 0 0 0 0 0 0
493 12 0 0 4 0 0 0 0 0
526 32 0 0 28 0 0 0 0 0
fl=/build/glibc-mXZSwJ/glibc-2.24/stdlib/cxa_atexit.c
fn=__cxa_atexit
35 4 0 0 0 0 0 2 0 0
37 4 0 0 0 0 0 0 0 0
41 6 0 0 2 0 0 0 0 0
43 2 0 0 0 0 0 2 0 0
44 2 0 0 0 0 0 2 1 0
45 2 0 0 0 0 0 2 0 0
47 2 2 1 0 0 0 2 0 0
48 2 0 0 0 0 0 0 0 0
57 12 2 1 0 0 0 6 0 0
59 8 0 0 8 0 0 0 0 0
fn=__new_exitfn
73 8 1 1 0 0 0 4 0 0
79 12 1 1 4 3 2 0 0 0
81 15 1 1 3 2 0 0 0 0
83 8 1 1 2 2 0 0 0 0
84 5 0 0 1 0 0 0 0 0
91 2 0 0 0 0 0 1 0 0
94 2 0 0 0 0 0 0 0 0
112 1 1 1 0 0 0 0 0 0
113 2 1 1 0 0 0 1 0 0
119 3 0 0 0 0 0 0 0 0
120 2 0 0 0 0 0 1 0 0
126 2 1 1 0 0 0 2 1 0
127 2 0 0 2 2 1 0 0 0
130 8 0 0 4 0 0 0 0 0
133 10 1 0 6 0 0 0 0 0
fl=/build/glibc-mXZSwJ/glibc-2.24/stdlib/cxa_thread_atexit_impl.c
fn=__call_tls_dtors
145 3 1 1 0 0 0 2 0 0
146 4 0 0 2 0 0 0 0 0
164 4 1 1 3 0 0 0 0 0
fl=/build/glibc-mXZSwJ/glibc-2.24/stdlib/exit.c
fn=__run_exit_handlers
35 8 1 1 0 0 0 4 0 0
40 3 0 0 1 0 0 0 0 0
41 2 0 0 0 0 0 1 0 0
47 6 0 0 1 0 0 0 0 0
51 3 0 0 0 0 0 0 0 0
53 1 0 0 0 0 0 1 0 0
54 1 1 1 0 0 0 0 0 0
55 5 0 0 1 0 0 0 0 0
79 2 1 1 0 0 0 0 0 0
81 3 0 0 2 0 0 0 0 0
83 3 0 0 1 0 0 1 0 0
fn=exit
104 1 0 0 0 0 0 0 0 0
105 4 2 2 0 0 0 1 0 0
fl=/build/glibc-mXZSwJ/glibc-2.24/stdlib/getenv.c
fn=getenv
34 8 2 2 0 0 0 6 0 0
35 2 0 0 0 0 0 1 0 0
39 7 0 0 3 0 0 0 0 0
42 2 0 0 1 0 0 0 0 0
67 1 0 0 1 0 0 0 0 0
72 1 0 0 0 0 0 0 0 0
73 1 0 0 0 0 0 0 0 0
75 247 2 2 62 0 0 0 0 0
84 122 0 0 61 2 0 0 0 0
91 9 0 0 7 0 0 0 0 0
fl=/build/glibc-mXZSwJ/glibc-2.24/string/../bits/stdlib-bsearch.h
fn=intel_check_word
27 12 0 0 0 0 0 0 0 0
28 24 0 0 0 0 0 0 0 0
29 165 0 0 0 0 0 0 0 0
31 231 0 0 0 0 0 0 0 0
32 81 0 0 0 0 0 0 0 0
37 12 1 1 0 0 0 0 0 0
fl=/build/glibc-mXZSwJ/glibc-2.24/string/../sysdeps/x86/cacheinfo.c
fn=handle_intel
261 24 0 0 0 0 0 18 0 0
263 6 1 1 0 0 0 0 0 0
269 9 0 0 0 0 0 3 0 0
271 3 1 1 0 0 0 3 0 0
272 6 0 0 0 0 0 3 0 0
274 3 0 0 0 0 0 0 0 0
280 15 1 1 0 0 0 3 0 0
285 6 0 0 0 0 0 0 0 0
287 9 0 0 0 0 0 3 0 0
288 3 0 0 0 0 0 0 0 0
292 12 0 0 0 0 0 3 0 0
293 6 0 0 0 0 0 0 0 0
296 15 1 1 0 0 0 3 0 0
297 6 0 0 0 0 0 0 0 0
314 24 1 1 21 0 0 0 0 0
fn=init_cacheinfo
481 7 1 1 0 0 0 6 0 0
493 4 1 1 2 0 0 0 0 0
495 5 1 1 1 0 0 1 0 0
497 4 0 0 0 0 0 1 0 0
501 1 1 1 0 0 0 1 0 0
502 4 0 0 0 0 0 1 0 0
510 2 0 0 0 0 0 0 0 0
521 1 0 0 0 0 0 0 0 0
526 2 0 0 1 0 0 0 0 0
530 2 0 0 0 0 0 0 0 0
538 9 0 0 0 0 0 0 0 0
541 14 1 1 0 0 0 0 0 0
547 8 0 0 0 0 0 0 0 0
550 26 1 1 0 0 0 0 0 0
555 2 0 0 0 0 0 0 0 0
559 4 0 0 0 0 0 0 0 0
560 1 0 0 0 0 0 0 0 0
564 2 0 0 0 0 0 0 0 0
568 3 0 0 0 0 0 0 0 0
571 3 0 0 0 0 0 0 0 0
572 1 0 0 0 0 0 0 0 0
577 4 0 0 0 0 0 0 0 0
583 2 1 1 0 0 0 0 0 0
591 9 0 0 1 0 0 0 0 0
593 4 1 1 0 0 0 0 0 0
595 7 0 0 0 0 0 0 0 0
597 8 0 0 0 0 0 0 0 0
599 2 0 0 0 0 0 0 0 0
600 2 0 0 0 0 0 0 0 0
601 8 0 0 0 0 0 0 0 0
603 4 0 0 0 0 0 0 0 0
606 2 0 0 0 0 0 0 0 0
611 1 1 1 0 0 0 0 0 0
613 4 0 0 0 0 0 0 0 0
614 3 0 0 0 0 0 0 0 0
615 1 0 0 0 0 0 0 0 0
618 4 0 0 0 0 0 0 0 0
621 2 0 0 0 0 0 0 0 0
625 2 0 0 1 0 0 0 0 0
628 1 0 0 0 0 0 0 0 0
630 4 0 0 0 0 0 0 0 0
631 2 0 0 0 0 0 0 0 0
636 2 1 1 0 0 0 0 0 0
642 2 0 0 0 0 0 0 0 0
643 2 0 0 0 0 0 0 0 0
644 1 0 0 0 0 0 0 0 0
645 2 0 0 1 0 0 0 0 0
682 4 0 0 0 0 0 0 0 0
683 4 0 0 0 0 0 0 0 0
687 2 1 1 0 0 0 0 0 0
747 2 0 0 0 0 0 0 0 0
749 3 0 0 0 0 0 1 0 0
750 1 0 0 0 0 0 1 1 1
752 1 0 0 0 0 0 0 0 0
753 3 1 1 0 0 0 1 0 0
754 1 0 0 0 0 0 1 0 0
757 2 0 0 0 0 0 0 0 0
759 3 0 0 0 0 0 1 0 0
760 1 0 0 0 0 0 1 1 1
762 1 0 0 0 0 0 0 0 0
763 4 1 1 0 0 0 1 0 0
764 1 0 0 0 0 0 1 0 0
770 3 0 0 0 0 0 1 1 1
771 8 0 0 7 0 0 0 0 0
fn=intel_check_word
121 162 0 0 81 6 6 0 0 0
124 81 1 1 0 0 0 0 0 0
132 36 0 0 0 0 0 24 0 0
133 12 1 1 0 0 0 0 0 0
135 3 0 0 0 0 0 0 0 0
139 42 1 1 0 0 0 0 0 0
141 36 0 0 0 0 0 0 0 0
143 15 0 0 0 0 0 0 0 0
145 30 0 0 0 0 0 0 0 0
153 30 1 1 0 0 0 0 0 0
165 28 1 1 0 0 0 0 0 0
168 24 0 0 0 0 0 0 0 0
172 16 1 1 0 0 0 0 0 0
174 32 0 0 0 0 0 0 0 0
175 24 0 0 0 0 0 0 0 0
176 14 0 0 0 0 0 0 0 0
177 24 0 0 0 0 0 0 0 0
178 18 0 0 0 0 0 0 0 0
179 14 0 0 0 0 0 0 0 0
180 10 0 0 0 0 0 0 0 0
182 3 1 1 0 0 0 0 0 0
184 6 0 0 0 0 0 0 0 0
186 9 1 1 0 0 0 0 0 0
187 12 0 0 0 0 0 0 0 0
188 9 0 0 0 0 0 0 0 0
189 15 1 1 0 0 0 0 0 0
197 5 0 0 0 0 0 0 0 0
204 24 0 0 0 0 0 0 0 0
209 12 0 0 6 0 0 0 0 0
212 36 0 0 12 0 0 0 0 0
226 12 0 0 0 0 0 0 0 0
251 12 0 0 0 0 0 0 0 0
256 36 0 0 30 0 0 0 0 0
fl=/build/glibc-mXZSwJ/glibc-2.24/string/../sysdeps/x86_64/multiarch/../memcmp.S
fn=bcmp
24 15 1 1 0 0 0 0 0 0
25 15 0 0 0 0 0 0 0 0
26 15 0 0 0 0 0 0 0 0
27 15 0 0 0 0 0 0 0 0
28 15 0 0 0 0 0 0 0 0
29 15 0 0 0 0 0 0 0 0
30 15 0 0 0 0 0 0 0 0
31 15 1 1 0 0 0 0 0 0
34 15 0 0 0 0 0 0 0 0
35 15 0 0 0 0 0 0 0 0
36 6 0 0 6 1 1 0 0 0
37 6 0 0 6 3 3 0 0 0
38 6 0 0 0 0 0 0 0 0
39 6 0 0 0 0 0 0 0 0
40 6 0 0 0 0 0 0 0 0
41 6 0 0 0 0 0 0 0 0
42 6 0 0 0 0 0 0 0 0
44 14 0 0 0 0 0 0 0 0
45 14 0 0 0 0 0 0 0 0
46 6 0 0 6 0 0 0 0 0
47 6 0 0 6 0 0 0 0 0
48 6 0 0 0 0 0 0 0 0
49 6 0 0 0 0 0 0 0 0
50 6 0 0 0 0 0 0 0 0
51 6 0 0 0 0 0 0 0 0
52 6 0 0 0 0 0 0 0 0
54 13 1 1 0 0 0 0 0 0
55 13 0 0 0 0 0 0 0 0
56 6 0 0 6 1 1 0 0 0
57 6 0 0 6 1 1 0 0 0
58 6 0 0 0 0 0 0 0 0
59 6 0 0 0 0 0 0 0 0
60 3 0 0 0 0 0 0 0 0
61 3 0 0 0 0 0 0 0 0
62 3 0 0 0 0 0 0 0 0
64 9 0 0 0 0 0 0 0 0
65 9 0 0 0 0 0 0 0 0
66 5 0 0 5 0 0 0 0 0
67 5 0 0 5 1 1 0 0 0
68 5 0 0 0 0 0 0 0 0
69 5 0 0 0 0 0 0 0 0
74 4 0 0 4 3 3 0 0 0
75 4 0 0 4 1 1 0 0 0
76 4 0 0 0 0 0 0 0 0
77 4 0 0 0 0 0 0 0 0
78 4 0 0 0 0 0 0 0 0
79 4 0 0 0 0 0 0 0 0
80 4 0 0 0 0 0 0 0 0
81 2 0 0 0 0 0 0 0 0
82 2 0 0 0 0 0 0 0 0
83 2 0 0 2 0 0 0 0 0
84 2 0 0 2 0 0 0 0 0
85 2 0 0 0 0 0 0 0 0
92 2 0 0 0 0 0 0 0 0
94 3 0 0 3 0 0 0 0 0
98 10 1 1 0 0 0 0 0 0
99 10 0 0 0 0 0 0 0 0
100 3 0 0 0 0 0 0 0 0
101 3 0 0 0 0 0 0 0 0
102 3 0 0 0 0 0 0 0 0
103 3 0 0 0 0 0 0 0 0
104 3 0 0 0 0 0 0 0 0
105 3 0 0 0 0 0 0 0 0
106 3 0 0 0 0 0 0 0 0
107 3 0 0 0 0 0 0 0 0
108 3 0 0 0 0 0 0 0 0
109 3 0 0 0 0 0 0 0 0
110 3 0 0 3 0 0 0 0 0
114 9 1 1 0 0 0 0 0 0
115 9 0 0 9 0 0 0 0 0
fl=/build/glibc-mXZSwJ/glibc-2.24/string/../sysdeps/x86_64/multiarch/../multiarch/memmove-vec-unaligned-erms.S
fn=__GI_mempcpy
117 17 1 1 0 0 0 0 0 0
118 17 0 0 0 0 0 0 0 0
119 17 0 0 0 0 0 0 0 0
fn=__memcpy_sse2_unaligned_erms
260 9 1 1 0 0 0 0 0 0
261 9 0 0 0 0 0 0 0 0
262 5 0 0 0 0 0 0 0 0
263 5 0 0 0 0 0 0 0 0
264 3 0 0 0 0 0 0 0 0
265 3 0 0 0 0 0 0 0 0
266 1 0 0 0 0 0 0 0 0
267 1 0 0 1 0 0 0 0 0
268 1 0 0 0 0 0 1 0 0
270 1 0 0 1 0 0 0 0 0
292 4 0 0 4 0 0 0 0 0
293 4 0 0 4 0 0 0 0 0
294 4 0 0 0 0 0 4 0 0
295 4 0 0 0 0 0 4 0 0
296 4 0 0 4 0 0 0 0 0
299 2 1 1 2 0 0 0 0 0
300 2 0 0 2 0 0 0 0 0
301 2 0 0 0 0 0 2 0 0
302 2 0 0 0 0 0 2 0 0
303 2 0 0 2 0 0 0 0 0
306 2 0 0 2 0 0 0 0 0
307 2 0 0 2 0 0 0 0 0
308 2 0 0 0 0 0 2 0 0
309 2 0 0 0 0 0 2 0 0
310 2 0 0 2 0 0 0 0 0
320 8 0 0 0 0 0 0 0 0
321 8 0 0 0 0 0 0 0 0
322 7 0 0 0 0 0 0 0 0
323 7 0 0 0 0 0 0 0 0
325 5 0 0 5 0 0 0 0 0
326 5 0 0 5 0 0 0 0 0
327 5 0 0 5 0 0 0 0 0
328 5 0 0 5 0 0 0 0 0
329 5 0 0 5 0 0 0 0 0
330 5 0 0 5 0 0 0 0 0
331 5 0 0 5 0 0 0 0 0
332 5 0 0 5 0 0 0 0 0
333 5 0 0 0 0 0 5 0 0
334 5 0 0 0 0 0 5 0 0
335 5 0 0 0 0 0 5 0 0
336 5 0 0 0 0 0 5 0 0
337 5 0 0 0 0 0 5 0 0
338 5 0 0 0 0 0 5 0 0
339 5 0 0 0 0 0 5 0 0
340 5 0 0 0 0 0 5 0 0
342 5 0 0 5 0 0 0 0 0
345 2 1 1 2 0 0 0 0 0
346 2 0 0 2 0 0 0 0 0
347 2 0 0 2 0 0 0 0 0
348 2 0 0 2 0 0 0 0 0
349 2 0 0 0 0 0 2 0 0
350 2 0 0 0 0 0 2 0 0
351 2 0 0 0 0 0 2 0 0
352 2 0 0 0 0 0 2 0 0
354 2 0 0 2 0 0 0 0 0
357 1 1 1 0 0 0 0 0 0
358 1 0 0 0 0 0 0 0 0
416 1 1 1 1 0 0 0 0 0
417 1 0 0 1 0 0 0 0 0
418 1 0 0 1 0 0 0 0 0
419 1 1 1 1 0 0 0 0 0
420 1 0 0 1 0 0 0 0 0
422 1 0 0 0 0 0 0 0 0
425 1 0 0 0 0 0 0 0 0
426 1 0 0 0 0 0 0 0 0
427 1 0 0 0 0 0 0 0 0
428 1 0 0 0 0 0 0 0 0
430 1 0 0 0 0 0 0 0 0
432 1 0 0 0 0 0 0 0 0
434 1 0 0 0 0 0 0 0 0
437 1 0 0 1 1 0 0 0 0
438 1 0 0 0 0 0 0 0 0
442 2 0 0 2 0 0 0 0 0
443 2 0 0 2 0 0 0 0 0
444 2 0 0 2 0 0 0 0 0
445 2 1 1 2 0 0 0 0 0
446 2 0 0 0 0 0 0 0 0
447 2 0 0 0 0 0 0 0 0
448 2 0 0 0 0 0 2 1 1
449 2 0 0 0 0 0 2 0 0
450 2 0 0 0 0 0 2 0 0
451 2 0 0 0 0 0 2 1 1
452 2 0 0 0 0 0 0 0 0
453 2 0 0 0 0 0 0 0 0
454 2 0 0 0 0 0 0 0 0
456 1 0 0 0 0 0 1 0 0
457 1 0 0 0 0 0 1 0 0
458 1 0 0 0 0 0 1 0 0
459 1 0 0 0 0 0 1 0 0
461 1 0 0 0 0 0 1 0 0
463 1 0 0 1 0 0 0 0 0
fn=memcpy
131 18 1 1 0 0 0 0 0 0
133 75 0 0 0 0 0 0 0 0
134 75 0 0 0 0 0 0 0 0
135 19 0 0 0 0 0 0 0 0
136 19 0 0 0 0 0 0 0 0
141 13 0 0 13 0 0 0 0 0
142 13 0 0 13 0 0 0 0 0
143 13 0 0 0 0 0 13 4 4
144 13 0 0 0 0 0 13 2 2
149 13 0 0 13 0 0 0 0 0
260 56 1 1 0 0 0 0 0 0
261 56 0 0 0 0 0 0 0 0
262 23 0 0 0 0 0 0 0 0
263 23 0 0 0 0 0 0 0 0
264 12 0 0 0 0 0 0 0 0
265 12 0 0 0 0 0 0 0 0
266 11 0 0 0 0 0 0 0 0
267 4 0 0 4 1 1 0 0 0
268 4 0 0 0 0 0 4 2 2
270 11 0 0 11 0 0 0 0 0
292 33 0 0 33 0 0 0 0 0
293 33 0 0 33 0 0 0 0 0
294 33 0 0 0 0 0 33 3 3
295 33 0 0 0 0 0 33 0 0
296 33 0 0 33 0 0 0 0 0
299 11 0 0 11 0 0 0 0 0
300 11 0 0 11 0 0 0 0 0
301 11 0 0 0 0 0 11 0 0
302 11 0 0 0 0 0 11 0 0
303 11 0 0 11 0 0 0 0 0
306 1 1 1 1 1 1 0 0 0
307 1 0 0 1 0 0 0 0 0
308 1 0 0 0 0 0 1 1 1
309 1 0 0 0 0 0 1 0 0
310 1 0 0 1 0 0 0 0 0
320 6 0 0 0 0 0 0 0 0
321 6 0 0 0 0 0 0 0 0
322 6 0 0 0 0 0 0 0 0
323 6 0 0 0 0 0 0 0 0
325 1 0 0 1 0 0 0 0 0
326 1 0 0 1 0 0 0 0 0
327 1 0 0 1 0 0 0 0 0
328 1 0 0 1 0 0 0 0 0
329 1 0 0 1 0 0 0 0 0
330 1 0 0 1 0 0 0 0 0
331 1 1 1 1 0 0 0 0 0
332 1 0 0 1 0 0 0 0 0
333 1 0 0 0 0 0 1 0 0
334 1 0 0 0 0 0 1 0 0
335 1 0 0 0 0 0 1 0 0
336 1 0 0 0 0 0 1 0 0
337 1 0 0 0 0 0 1 0 0
338 1 0 0 0 0 0 1 0 0
339 1 0 0 0 0 0 1 0 0
340 1 0 0 0 0 0 1 0 0
342 1 0 0 1 0 0 0 0 0
345 5 0 0 5 0 0 0 0 0
346 5 0 0 5 0 0 0 0 0
347 5 0 0 5 0 0 0 0 0
348 5 0 0 5 0 0 0 0 0
349 5 0 0 0 0 0 5 3 3
350 5 1 1 0 0 0 5 0 0
351 5 0 0 0 0 0 5 1 1
352 5 0 0 0 0 0 5 0 0
354 5 0 0 5 0 0 0 0 0
fn=memcpy@GLIBC_2.2.5
133 17 0 0 0 0 0 0 0 0
134 17 0 0 0 0 0 0 0 0
135 8 1 1 0 0 0 0 0 0
136 8 0 0 0 0 0 0 0 0
fn=mempcpy
117 57 0 0 0 0 0 0 0 0
118 57 0 0 0 0 0 0 0 0
119 57 0 0 0 0 0 0 0 0
fl=/build/glibc-mXZSwJ/glibc-2.24/string/../sysdeps/x86_64/multiarch/../multiarch/memset-vec-unaligned-erms.S
fn=__GI_memset
91 5 1 1 0 0 0 0 0 0
93 1 0 0 0 0 0 0 0 0
94 1 0 0 0 0 0 0 0 0
95 1 0 0 0 0 0 0 0 0
96 1 0 0 0 0 0 0 0 0
fn=__memset_sse2_unaligned_erms
149 1 1 1 0 0 0 0 0 0
150 1 0 0 0 0 0 0 0 0
160 1 0 0 0 0 0 0 0 0
161 1 0 0 0 0 0 1 0 0
162 1 0 0 0 0 0 0 0 0
163 1 1 1 0 0 0 1 0 0
164 1 0 0 0 0 0 1 0 0
165 1 0 0 0 0 0 1 1 1
166 1 0 0 0 0 0 1 0 0
167 1 0 0 0 0 0 1 0 0
168 1 0 0 0 0 0 1 1 1
169 1 0 0 0 0 0 1 0 0
170 1 0 0 0 0 0 0 0 0
171 1 0 0 0 0 0 0 0 0
172 1 0 0 0 0 0 0 0 0
173 1 0 0 0 0 0 0 0 0
175 58 0 0 0 0 0 58 56 56
176 58 0 0 0 0 0 58 0 0
177 58 1 1 0 0 0 58 0 0
178 58 0 0 0 0 0 58 0 0
179 58 0 0 0 0 0 0 0 0
180 58 0 0 0 0 0 0 0 0
181 58 0 0 0 0 0 0 0 0
182 1 0 0 1 0 0 0 0 0
fn=memset
91 50 2 1 0 0 0 0 0 0
93 10 0 0 0 0 0 0 0 0
94 10 0 0 0 0 0 0 0 0
95 6 0 0 0 0 0 0 0 0
96 6 0 0 0 0 0 0 0 0
98 4 0 0 0 0 0 4 1 1
99 4 0 0 0 0 0 4 0 0
101 4 0 0 4 0 0 0 0 0
149 2 1 1 0 0 0 0 0 0
150 2 0 0 0 0 0 0 0 0
160 2 0 0 0 0 0 0 0 0
161 2 0 0 0 0 0 2 1 1
162 2 0 0 0 0 0 0 0 0
163 2 0 0 0 0 0 2 2 2
164 2 0 0 0 0 0 2 0 0
165 2 0 0 0 0 0 2 0 0
166 2 0 0 0 0 0 2 0 0
167 2 0 0 0 0 0 2 0 0
168 2 0 0 0 0 0 2 0 0
169 2 0 0 0 0 0 2 0 0
170 2 0 0 0 0 0 0 0 0
171 2 0 0 0 0 0 0 0 0
172 2 0 0 0 0 0 0 0 0
173 2 0 0 0 0 0 0 0 0
175 36 0 0 0 0 0 36 34 34
176 36 0 0 0 0 0 36 0 0
177 36 0 0 0 0 0 36 0 0
178 36 0 0 0 0 0 36 0 0
179 36 0 0 0 0 0 0 0 0
180 36 0 0 0 0 0 0 0 0
181 36 0 0 0 0 0 0 0 0
182 2 0 0 2 0 0 0 0 0
197 4 1 1 0 0 0 0 0 0
198 4 0 0 0 0 0 0 0 0
199 4 2 1 0 0 0 0 0 0
200 2 0 0 0 0 0 0 0 0
201 2 0 0 0 0 0 0 0 0
202 1 0 0 0 0 0 0 0 0
203 1 0 0 0 0 0 0 0 0
227 2 0 0 0 0 0 2 1 1
228 2 0 0 0 0 0 2 0 0
230 2 0 0 2 0 0 0 0 0
233 1 0 0 0 0 0 1 0 0
234 1 0 0 0 0 0 1 0 0
236 1 0 0 1 0 0 0 0 0
239 1 0 0 0 0 0 1 0 0
240 1 0 0 0 0 0 1 0 0
242 1 0 0 1 0 0 0 0 0
fl=/build/glibc-mXZSwJ/glibc-2.24/string/../sysdeps/x86_64/multiarch/../strchr.S
fn=index
24 11 1 1 0 0 0 0 0 0
25 11 0 0 0 0 0 0 0 0
26 11 0 0 0 0 0 0 0 0
27 11 0 0 0 0 0 0 0 0
28 11 0 0 0 0 0 0 0 0
29 11 0 0 0 0 0 0 0 0
30 11 0 0 0 0 0 0 0 0
31 11 0 0 0 0 0 0 0 0
32 11 0 0 11 2 2 0 0 0
33 11 0 0 0 0 0 0 0 0
34 11 0 0 0 0 0 0 0 0
35 11 0 0 0 0 0 0 0 0
36 11 0 0 0 0 0 0 0 0
37 11 0 0 0 0 0 0 0 0
38 11 0 0 0 0 0 0 0 0
39 11 1 1 0 0 0 0 0 0
40 11 0 0 0 0 0 0 0 0
41 6 0 0 0 0 0 0 0 0
45 6 0 0 0 0 0 0 0 0
46 6 0 0 0 0 0 0 0 0
47 6 0 0 6 0 0 0 0 0
48 6 0 0 0 0 0 0 0 0
50 6 0 0 6 0 0 0 0 0
54 5 0 0 5 0 0 0 0 0
55 5 0 0 0 0 0 0 0 0
56 5 0 0 0 0 0 0 0 0
57 5 0 0 0 0 0 0 0 0
58 5 0 0 0 0 0 0 0 0
59 5 0 0 0 0 0 0 0 0
60 5 0 0 5 0 0 0 0 0
61 5 0 0 0 0 0 0 0 0
62 5 0 0 0 0 0 0 0 0
63 5 1 1 0 0 0 0 0 0
64 5 0 0 0 0 0 0 0 0
65 5 0 0 0 0 0 0 0 0
66 5 0 0 0 0 0 0 0 0
67 5 0 0 5 1 1 0 0 0
68 5 0 0 0 0 0 0 0 0
69 5 0 0 0 0 0 0 0 0
70 5 0 0 0 0 0 0 0 0
71 5 0 0 0 0 0 0 0 0
72 5 0 0 0 0 0 0 0 0
73 5 0 0 0 0 0 0 0 0
74 5 0 0 0 0 0 0 0 0
75 5 0 0 0 0 0 0 0 0
76 5 0 0 0 0 0 0 0 0
77 6 0 0 0 0 0 0 0 0
82 1 1 1 0 0 0 0 0 0
83 1 0 0 0 0 0 0 0 0
86 1 0 0 0 0 0 0 0 0
87 1 0 0 1 0 0 0 0 0
88 1 0 0 1 0 0 0 0 0
89 1 0 0 1 0 0 0 0 0
90 1 0 0 0 0 0 0 0 0
91 1 0 0 1 0 0 0 0 0
92 1 0 0 0 0 0 0 0 0
93 1 0 0 0 0 0 0 0 0
94 1 0 0 1 0 0 0 0 0
95 1 0 0 0 0 0 0 0 0
96 1 0 0 1 0 0 0 0 0
97 1 0 0 1 0 0 0 0 0
98 1 1 1 0 0 0 0 0 0
99 1 0 0 1 0 0 0 0 0
100 1 0 0 0 0 0 0 0 0
101 1 0 0 0 0 0 0 0 0
102 1 0 0 0 0 0 0 0 0
103 1 0 0 0 0 0 0 0 0
105 1 0 0 0 0 0 0 0 0
106 1 0 0 0 0 0 0 0 0
108 1 0 0 1 0 0 0 0 0
109 1 0 0 0 0 0 0 0 0
110 1 0 0 0 0 0 0 0 0
111 1 0 0 0 0 0 0 0 0
112 1 0 0 0 0 0 0 0 0
113 1 0 0 0 0 0 0 0 0
114 1 0 0 0 0 0 0 0 0
115 1 0 0 0 0 0 0 0 0
117 1 0 0 0 0 0 0 0 0
118 1 1 1 0 0 0 0 0 0
119 1 0 0 0 0 0 0 0 0
120 1 0 0 0 0 0 0 0 0
121 1 0 0 0 0 0 0 0 0
122 1 0 0 0 0 0 0 0 0
123 1 0 0 0 0 0 0 0 0
124 1 0 0 0 0 0 0 0 0
125 1 0 0 0 0 0 0 0 0
126 1 0 0 0 0 0 0 0 0
129 5 0 0 0 0 0 0 0 0
133 5 0 0 0 0 0 0 0 0
134 5 0 0 0 0 0 0 0 0
135 5 0 0 5 0 0 0 0 0
136 5 0 0 0 0 0 0 0 0
138 5 0 0 5 0 0 0 0 0
fl=/build/glibc-mXZSwJ/glibc-2.24/string/../sysdeps/x86_64/multiarch/../strcmp.S
fn=strcmp
144 210 1 1 0 0 0 0 0 0
145 210 0 0 0 0 0 0 0 0
147 210 0 0 0 0 0 0 0 0
148 210 0 0 0 0 0 0 0 0
169 210 0 0 0 0 0 0 0 0
170 210 0 0 0 0 0 0 0 0
171 150 0 0 0 0 0 0 0 0
172 150 0 0 0 0 0 0 0 0
173 141 0 0 141 10 6 0 0 0
174 141 0 0 141 6 1 0 0 0
175 141 0 0 141 0 0 0 0 0
176 141 0 0 141 0 0 0 0 0
197 141 0 0 0 0 0 0 0 0
198 141 0 0 0 0 0 0 0 0
199 141 0 0 0 0 0 0 0 0
200 141 0 0 0 0 0 0 0 0
201 141 0 0 0 0 0 0 0 0
202 141 0 0 0 0 0 0 0 0
203 141 0 0 0 0 0 0 0 0
208 3 0 0 0 0 0 0 0 0
209 3 0 0 0 0 0 0 0 0
218 72 1 1 0 0 0 0 0 0
219 72 0 0 0 0 0 0 0 0
220 72 0 0 0 0 0 0 0 0
221 72 0 0 0 0 0 0 0 0
222 72 1 1 0 0 0 0 0 0
223 72 0 0 0 0 0 0 0 0
224 72 0 0 0 0 0 0 0 0
225 72 0 0 0 0 0 0 0 0
226 71 0 0 0 0 0 0 0 0
227 9 0 0 0 0 0 0 0 0
228 9 0 0 0 0 0 0 0 0
229 9 0 0 0 0 0 0 0 0
231 71 0 0 0 0 0 0 0 0
232 71 0 0 0 0 0 0 0 0
233 71 0 0 0 0 0 0 0 0
234 71 0 0 71 6 2 0 0 0
235 71 0 0 0 0 0 0 0 0
236 71 0 0 0 0 0 0 0 0
246 1 0 0 1 0 0 0 0 0
247 1 0 0 0 0 0 0 0 0
248 1 0 0 0 0 0 0 0 0
250 1 0 0 1 0 0 0 0 0
256 1 1 1 0 0 0 0 0 0
257 1 0 0 0 0 0 0 0 0
258 1 0 0 0 0 0 0 0 0
259 1 0 0 0 0 0 0 0 0
260 1 0 0 0 0 0 0 0 0
265 1 0 0 0 0 0 0 0 0
267 1 0 0 0 0 0 0 0 0
268 1 0 0 0 0 0 0 0 0
269 2 0 0 0 0 0 0 0 0
277 1 0 0 1 0 0 0 0 0
278 1 0 0 1 0 0 0 0 0
281 1 0 0 0 0 0 0 0 0
282 1 1 1 0 0 0 0 0 0
283 1 0 0 0 0 0 0 0 0
284 1 0 0 0 0 0 0 0 0
285 1 0 0 0 0 0 0 0 0
286 1 0 0 0 0 0 0 0 0
946 1 1 1 0 0 0 0 0 0
947 1 0 0 1 0 0 0 0 0
948 1 0 0 1 0 0 0 0 0
949 1 0 0 0 0 0 0 0 0
950 1 0 0 0 0 0 0 0 0
952 1 0 0 0 0 0 0 0 0
953 1 0 0 0 0 0 0 0 0
954 1 0 0 0 0 0 0 0 0
955 1 0 0 0 0 0 0 0 0
956 1 0 0 0 0 0 0 0 0
957 1 0 0 0 0 0 0 0 0
958 1 0 0 0 0 0 0 0 0
959 1 1 1 1 0 0 0 0 0
963 1 0 0 0 0 0 0 0 0
964 1 0 0 0 0 0 0 0 0
965 1 0 0 0 0 0 0 0 0
971 1 0 0 0 0 0 0 0 0
972 1 0 0 0 0 0 0 0 0
973 2 0 0 0 0 0 0 0 0
977 1 0 0 0 0 0 0 0 0
978 1 0 0 0 0 0 0 0 0
981 1 0 0 1 0 0 0 0 0
982 1 1 1 1 0 0 0 0 0
983 1 0 0 0 0 0 0 0 0
986 1 0 0 0 0 0 0 0 0
987 1 0 0 0 0 0 0 0 0
988 1 0 0 0 0 0 0 0 0
994 1 0 0 0 0 0 0 0 0
995 1 0 0 0 0 0 0 0 0
996 1 0 0 0 0 0 0 0 0
997 1 0 0 0 0 0 0 0 0
998 1 0 0 0 0 0 0 0 0
999 1 0 0 0 0 0 0 0 0
1196 6 1 1 0 0 0 0 0 0
1197 6 0 0 6 0 0 0 0 0
1198 6 0 0 6 1 0 0 0 0
1199 6 0 0 0 0 0 0 0 0
1200 6 0 0 0 0 0 0 0 0
1202 6 0 0 0 0 0 0 0 0
1203 6 0 0 0 0 0 0 0 0
1204 6 0 0 0 0 0 0 0 0
1205 6 0 0 0 0 0 0 0 0
1206 6 0 0 0 0 0 0 0 0
1207 6 0 0 0 0 0 0 0 0
1208 6 0 0 0 0 0 0 0 0
1209 2 2 1 2 0 0 0 0 0
1213 2 0 0 0 0 0 0 0 0
1214 2 0 0 0 0 0 0 0 0
1215 2 0 0 0 0 0 0 0 0
1221 2 0 0 0 0 0 0 0 0
1222 2 0 0 0 0 0 0 0 0
1223 4 0 0 0 0 0 0 0 0
1227 2 0 0 0 0 0 0 0 0
1228 2 0 0 0 0 0 0 0 0
1231 2 0 0 2 0 0 0 0 0
1232 2 1 1 2 1 1 0 0 0
1233 2 0 0 0 0 0 0 0 0
1236 2 0 0 0 0 0 0 0 0
1237 2 0 0 0 0 0 0 0 0
1238 2 0 0 0 0 0 0 0 0
1244 2 0 0 0 0 0 0 0 0
1245 2 0 0 0 0 0 0 0 0
1246 2 0 0 0 0 0 0 0 0
1247 2 0 0 0 0 0 0 0 0
1248 2 0 0 0 0 0 0 0 0
1249 2 0 0 0 0 0 0 0 0
1321 25 2 1 0 0 0 0 0 0
1322 25 0 0 25 2 1 0 0 0
1323 25 0 0 25 2 0 0 0 0
1324 25 0 0 0 0 0 0 0 0
1325 25 0 0 0 0 0 0 0 0
1327 25 0 0 0 0 0 0 0 0
1328 25 0 0 0 0 0 0 0 0
1329 25 0 0 0 0 0 0 0 0
1330 25 0 0 0 0 0 0 0 0
1331 25 0 0 0 0 0 0 0 0
1332 25 0 0 0 0 0 0 0 0
1333 25 0 0 0 0 0 0 0 0
1334 1 1 1 1 0 0 0 0 0
1338 1 0 0 0 0 0 0 0 0
1339 1 0 0 0 0 0 0 0 0
1340 1 0 0 0 0 0 0 0 0
1346 1 0 0 0 0 0 0 0 0
1347 1 0 0 0 0 0 0 0 0
1348 2 0 0 0 0 0 0 0 0
1352 1 0 0 0 0 0 0 0 0
1353 1 0 0 0 0 0 0 0 0
1356 1 0 0 1 1 1 0 0 0
1357 1 1 1 1 0 0 0 0 0
1358 1 0 0 0 0 0 0 0 0
1361 1 0 0 0 0 0 0 0 0
1362 1 0 0 0 0 0 0 0 0
1363 1 0 0 0 0 0 0 0 0
1369 1 0 0 0 0 0 0 0 0
1370 1 0 0 0 0 0 0 0 0
1371 1 0 0 0 0 0 0 0 0
1372 1 0 0 0 0 0 0 0 0
1373 1 0 0 0 0 0 0 0 0
1374 1 0 0 0 0 0 0 0 0
1446 9 2 1 0 0 0 0 0 0
1447 9 0 0 9 1 0 0 0 0
1448 9 0 0 9 0 0 0 0 0
1449 9 0 0 0 0 0 0 0 0
1450 9 0 0 0 0 0 0 0 0
1452 9 0 0 0 0 0 0 0 0
1453 9 0 0 0 0 0 0 0 0
1454 9 0 0 0 0 0 0 0 0
1455 9 0 0 0 0 0 0 0 0
1456 9 0 0 0 0 0 0 0 0
1457 9 0 0 0 0 0 0 0 0
1458 9 0 0 0 0 0 0 0 0
1459 9 1 1 9 0 0 0 0 0
1463 9 0 0 0 0 0 0 0 0
1464 9 0 0 0 0 0 0 0 0
1465 9 0 0 0 0 0 0 0 0
1471 9 0 0 0 0 0 0 0 0
1472 9 0 0 0 0 0 0 0 0
1473 18 0 0 0 0 0 0 0 0
1477 9 0 0 0 0 0 0 0 0
1478 9 0 0 0 0 0 0 0 0
1481 9 0 0 9 0 0 0 0 0
1482 9 1 1 9 0 0 0 0 0
1483 9 0 0 0 0 0 0 0 0
1486 9 0 0 0 0 0 0 0 0
1487 9 0 0 0 0 0 0 0 0
1488 9 0 0 0 0 0 0 0 0
1494 9 0 0 0 0 0 0 0 0
1495 9 0 0 0 0 0 0 0 0
1496 9 0 0 0 0 0 0 0 0
1497 9 0 0 0 0 0 0 0 0
1498 9 0 0 0 0 0 0 0 0
1499 9 0 0 0 0 0 0 0 0
1571 2 1 1 0 0 0 0 0 0
1572 2 0 0 2 2 2 0 0 0
1573 2 0 0 2 0 0 0 0 0
1574 2 0 0 0 0 0 0 0 0
1575 2 0 0 0 0 0 0 0 0
1577 2 0 0 0 0 0 0 0 0
1578 2 0 0 0 0 0 0 0 0
1579 2 0 0 0 0 0 0 0 0
1580 2 0 0 0 0 0 0 0 0
1581 2 0 0 0 0 0 0 0 0
1582 2 0 0 0 0 0 0 0 0
1583 2 0 0 0 0 0 0 0 0
1584 2 1 1 2 0 0 0 0 0
1588 2 0 0 0 0 0 0 0 0
1589 2 0 0 0 0 0 0 0 0
1590 2 0 0 0 0 0 0 0 0
1596 2 0 0 0 0 0 0 0 0
1597 2 0 0 0 0 0 0 0 0
1598 4 0 0 0 0 0 0 0 0
1602 2 0 0 0 0 0 0 0 0
1603 2 0 0 0 0 0 0 0 0
1606 2 0 0 2 0 0 0 0 0
1607 2 1 1 2 2 2 0 0 0
1608 2 0 0 0 0 0 0 0 0
1611 2 0 0 0 0 0 0 0 0
1612 2 0 0 0 0 0 0 0 0
1613 2 0 0 0 0 0 0 0 0
1619 2 0 0 0 0 0 0 0 0
1620 2 0 0 0 0 0 0 0 0
1621 2 0 0 0 0 0 0 0 0
1622 2 0 0 0 0 0 0 0 0
1623 2 0 0 0 0 0 0 0 0
1624 2 0 0 0 0 0 0 0 0
1696 2 2 1 0 0 0 0 0 0
1697 2 0 0 2 2 2 0 0 0
1698 2 0 0 2 0 0 0 0 0
1699 2 0 0 0 0 0 0 0 0
1700 2 0 0 0 0 0 0 0 0
1702 2 0 0 0 0 0 0 0 0
1703 2 0 0 0 0 0 0 0 0
1704 2 0 0 0 0 0 0 0 0
1705 2 0 0 0 0 0 0 0 0
1706 2 0 0 0 0 0 0 0 0
1707 2 0 0 0 0 0 0 0 0
1708 2 0 0 0 0 0 0 0 0
1709 1 1 1 1 0 0 0 0 0
1713 1 0 0 0 0 0 0 0 0
1714 1 0 0 0 0 0 0 0 0
1715 1 0 0 0 0 0 0 0 0
1721 1 0 0 0 0 0 0 0 0
1722 1 0 0 0 0 0 0 0 0
1723 2 0 0 0 0 0 0 0 0
1727 1 0 0 0 0 0 0 0 0
1728 1 0 0 0 0 0 0 0 0
1731 1 0 0 1 0 0 0 0 0
1732 1 1 1 1 0 0 0 0 0
1733 1 0 0 0 0 0 0 0 0
1736 1 0 0 0 0 0 0 0 0
1737 1 0 0 0 0 0 0 0 0
1738 1 0 0 0 0 0 0 0 0
1744 1 0 0 0 0 0 0 0 0
1745 1 0 0 0 0 0 0 0 0
1746 1 0 0 0 0 0 0 0 0
1747 1 0 0 0 0 0 0 0 0
1748 1 0 0 0 0 0 0 0 0
1749 1 0 0 0 0 0 0 0 0
1821 4 1 1 0 0 0 0 0 0
1822 4 0 0 4 1 0 0 0 0
1823 4 0 0 4 2 2 0 0 0
1824 4 0 0 0 0 0 0 0 0
1825 4 0 0 0 0 0 0 0 0
1827 4 0 0 0 0 0 0 0 0
1828 4 0 0 0 0 0 0 0 0
1829 4 0 0 0 0 0 0 0 0
1830 4 0 0 0 0 0 0 0 0
1831 4 0 0 0 0 0 0 0 0
1832 4 0 0 0 0 0 0 0 0
1833 4 0 0 0 0 0 0 0 0
1834 3 2 1 3 0 0 0 0 0
1838 3 0 0 0 0 0 0 0 0
1839 3 0 0 0 0 0 0 0 0
1840 3 0 0 0 0 0 0 0 0
1846 3 0 0 0 0 0 0 0 0
1847 3 0 0 0 0 0 0 0 0
1848 6 0 0 0 0 0 0 0 0
1852 3 0 0 0 0 0 0 0 0
1853 3 0 0 0 0 0 0 0 0
1856 3 0 0 3 1 1 0 0 0
1857 3 1 1 3 0 0 0 0 0
1858 3 0 0 0 0 0 0 0 0
1861 3 0 0 0 0 0 0 0 0
1862 3 0 0 0 0 0 0 0 0
1863 3 0 0 0 0 0 0 0 0
1869 3 0 0 0 0 0 0 0 0
1870 3 0 0 0 0 0 0 0 0
1871 3 0 0 0 0 0 0 0 0
1872 3 0 0 0 0 0 0 0 0
1873 3 0 0 0 0 0 0 0 0
1874 3 0 0 0 0 0 0 0 0
1881 1 0 0 0 0 0 0 0 0
1882 1 0 0 0 0 0 0 0 0
1884 1 0 0 0 0 0 0 0 0
1885 1 0 0 0 0 0 0 0 0
1887 1 1 1 1 0 0 0 0 0
1888 1 0 0 1 0 0 0 0 0
1889 1 0 0 0 0 0 0 0 0
1892 1 0 0 0 0 0 0 0 0
1893 1 0 0 0 0 0 0 0 0
1894 1 0 0 0 0 0 0 0 0
1900 1 0 0 0 0 0 0 0 0
1901 1 0 0 0 0 0 0 0 0
1902 1 0 0 0 0 0 0 0 0
1903 1 0 0 0 0 0 0 0 0
1904 1 0 0 0 0 0 0 0 0
1905 1 0 0 0 0 0 0 0 0
1946 20 1 1 0 0 0 0 0 0
1947 20 0 0 20 0 0 0 0 0
1948 20 0 0 20 1 0 0 0 0
1949 20 0 0 0 0 0 0 0 0
1950 20 0 0 0 0 0 0 0 0
1952 20 0 0 0 0 0 0 0 0
1953 20 0 0 0 0 0 0 0 0
1954 20 0 0 0 0 0 0 0 0
1955 20 0 0 0 0 0 0 0 0
1956 20 0 0 0 0 0 0 0 0
1957 20 0 0 0 0 0 0 0 0
1958 20 0 0 0 0 0 0 0 0
2071 2 1 1 0 0 0 0 0 0
2072 2 0 0 2 2 2 0 0 0
2073 2 0 0 2 0 0 0 0 0
2074 2 0 0 0 0 0 0 0 0
2075 2 0 0 0 0 0 0 0 0
2077 2 0 0 0 0 0 0 0 0
2078 2 0 0 0 0 0 0 0 0
2079 2 0 0 0 0 0 0 0 0
2080 2 0 0 0 0 0 0 0 0
2081 2 0 0 0 0 0 0 0 0
2082 2 0 0 0 0 0 0 0 0
2083 2 0 0 0 0 0 0 0 0
2085 2 1 1 2 0 0 0 0 0
2089 2 0 0 0 0 0 0 0 0
2090 2 0 0 0 0 0 0 0 0
2091 2 0 0 0 0 0 0 0 0
2097 2 0 0 0 0 0 0 0 0
2098 2 0 0 0 0 0 0 0 0
2100 4 0 0 0 0 0 0 0 0
2104 2 0 0 0 0 0 0 0 0
2105 2 0 0 0 0 0 0 0 0
2108 2 0 0 2 0 0 0 0 0
2109 2 1 1 2 1 0 0 0 0
2110 2 0 0 0 0 0 0 0 0
2113 2 0 0 0 0 0 0 0 0
2114 2 0 0 0 0 0 0 0 0
2115 2 0 0 0 0 0 0 0 0
2121 2 0 0 0 0 0 0 0 0
2122 2 0 0 0 0 0 0 0 0
2123 2 0 0 0 0 0 0 0 0
2124 2 0 0 0 0 0 0 0 0
2125 2 0 0 0 0 0 0 0 0
2126 2 0 0 0 0 0 0 0 0
2200 22 0 0 0 0 0 0 0 0
2202 72 1 1 0 0 0 0 0 0
2203 72 0 0 0 0 0 0 0 0
2204 72 0 0 0 0 0 0 0 0
2205 72 0 0 0 0 0 0 0 0
2206 27 0 0 0 0 0 0 0 0
2211 210 0 0 0 0 0 0 0 0
2217 210 0 0 210 0 0 0 0 0
2218 210 0 0 210 0 0 0 0 0
2226 210 0 0 0 0 0 0 0 0
2227 210 0 0 210 0 0 0 0 0
fl=/build/glibc-mXZSwJ/glibc-2.24/string/../sysdeps/x86_64/multiarch/../strcspn.S
fn=strcspn
33 1 1 1 0 0 0 0 0 0
40 1 0 0 0 0 0 0 0 0
41 1 0 0 0 0 0 0 0 0
43 1 0 0 0 0 0 0 0 0
44 1 0 0 0 0 0 0 0 0
45 1 0 0 0 0 0 0 0 0
46 1 0 0 0 0 0 0 0 0
47 33 0 0 0 0 0 32 4 4
50 2 0 0 0 0 0 0 0 0
57 1 1 1 1 0 0 0 0 0
58 1 0 0 0 0 0 0 0 0
59 1 0 0 0 0 0 0 0 0
60 1 0 0 0 0 0 1 0 0
62 1 0 0 1 0 0 0 0 0
63 1 0 0 0 0 0 0 0 0
64 1 0 0 0 0 0 0 0 0
65 1 0 0 0 0 0 1 0 0
67 1 0 0 1 0 0 0 0 0
68 1 0 0 0 0 0 0 0 0
69 1 0 0 0 0 0 0 0 0
78 3 0 0 0 0 0 0 0 0
90 12 1 1 0 0 0 0 0 0
92 12 0 0 12 0 0 0 0 0
93 12 0 0 12 0 0 0 0 0
94 12 0 0 0 0 0 0 0 0
96 12 0 0 12 0 0 0 0 0
97 12 0 0 12 0 0 0 0 0
98 12 0 0 0 0 0 0 0 0
100 12 0 0 12 0 0 0 0 0
101 12 0 0 12 0 0 0 0 0
102 12 0 0 0 0 0 0 0 0
104 12 0 0 12 0 0 0 0 0
105 12 0 0 12 0 0 0 0 0
106 12 0 0 0 0 0 0 0 0
108 1 0 0 0 0 0 0 0 0
109 1 0 0 0 0 0 0 0 0
110 1 0 0 0 0 0 0 0 0
112 1 0 0 0 0 0 0 0 0
119 1 0 0 0 0 0 0 0 0
123 1 0 0 1 0 0 0 0 0
fl=/build/glibc-mXZSwJ/glibc-2.24/string/../sysdeps/x86_64/multiarch/memmove.S
fn=memmove
29 1 1 1 1 0 0 0 0 0
30 1 0 0 0 0 0 0 0 0
31 1 0 0 1 0 0 0 0 0
32 1 0 0 0 0 0 0 0 0
33 1 1 1 1 0 0 0 0 0
34 1 0 0 0 0 0 0 0 0
43 1 1 1 0 0 0 0 0 0
44 1 0 0 1 0 0 0 0 0
45 1 0 0 0 0 0 0 0 0
51 1 0 0 0 0 0 0 0 0
52 1 0 0 1 0 0 0 0 0
53 1 0 0 0 0 0 0 0 0
54 1 0 0 1 0 0 0 0 0
55 1 1 1 0 0 0 0 0 0
65 1 0 0 1 0 0 0 0 0
fl=/build/glibc-mXZSwJ/glibc-2.24/string/../sysdeps/x86_64/multiarch/strcmp.S
fn=strcasecmp
109 1 1 1 1 0 0 0 0 0
110 1 0 0 0 0 0 0 0 0
111 1 0 0 1 1 0 0 0 0
112 1 0 0 0 0 0 0 0 0
122 1 1 1 1 0 0 0 0 0
fn=strncasecmp
129 1 1 1 1 0 0 0 0 0
130 1 0 0 0 0 0 0 0 0
131 1 0 0 1 0 0 0 0 0
132 1 0 0 0 0 0 0 0 0
142 1 1 1 1 0 0 0 0 0
fl=/build/glibc-mXZSwJ/glibc-2.24/string/../sysdeps/x86_64/multiarch/strcspn.S
fn=strcspn
45 1 1 1 1 0 0 0 0 0
46 1 0 0 0 0 0 0 0 0
47 1 0 0 1 1 0 0 0 0
48 1 0 0 0 0 0 0 0 0
49 1 0 0 0 0 0 0 0 0
50 1 0 0 1 0 0 0 0 0
fn=strpbrk
45 1 1 1 1 0 0 0 0 0
46 1 0 0 0 0 0 0 0 0
47 1 0 0 1 0 0 0 0 0
48 1 0 0 0 0 0 0 0 0
49 1 0 0 0 0 0 0 0 0
50 1 0 0 1 0 0 0 0 0
fl=/build/glibc-mXZSwJ/glibc-2.24/string/../sysdeps/x86_64/multiarch/strspn.S
fn=strspn
30 1 1 1 1 0 0 0 0 0
31 1 0 0 0 0 0 0 0 0
32 1 0 0 1 0 0 0 0 0
33 1 0 0 0 0 0 0 0 0
34 1 0 0 0 0 0 0 0 0
35 1 0 0 1 0 0 0 0 0
fl=/build/glibc-mXZSwJ/glibc-2.24/string/../sysdeps/x86_64/strchr.S
fn=strchrnul
24 5 1 1 0 0 0 0 0 0
25 5 0 0 0 0 0 0 0 0
26 5 0 0 0 0 0 0 0 0
27 5 0 0 0 0 0 0 0 0
28 5 0 0 0 0 0 0 0 0
29 5 0 0 0 0 0 0 0 0
30 5 0 0 0 0 0 0 0 0
31 5 0 0 0 0 0 0 0 0
32 5 0 0 5 1 1 0 0 0
33 5 0 0 0 0 0 0 0 0
34 5 0 0 0 0 0 0 0 0
35 5 0 0 0 0 0 0 0 0
36 5 0 0 0 0 0 0 0 0
37 5 0 0 0 0 0 0 0 0
38 5 0 0 0 0 0 0 0 0
39 5 1 1 0 0 0 0 0 0
40 5 0 0 0 0 0 0 0 0
41 1 0 0 0 0 0 0 0 0
43 1 0 0 0 0 0 0 0 0
50 1 0 0 1 0 0 0 0 0
54 4 0 0 4 1 1 0 0 0
55 4 0 0 0 0 0 0 0 0
56 4 0 0 0 0 0 0 0 0
57 4 0 0 0 0 0 0 0 0
58 4 0 0 0 0 0 0 0 0
59 4 0 0 0 0 0 0 0 0
60 4 0 0 4 0 0 0 0 0
61 4 0 0 0 0 0 0 0 0
62 4 0 0 0 0 0 0 0 0
63 4 0 0 0 0 0 0 0 0
64 4 0 0 0 0 0 0 0 0
65 4 1 1 0 0 0 0 0 0
66 4 0 0 0 0 0 0 0 0
67 4 0 0 4 0 0 0 0 0
68 4 0 0 0 0 0 0 0 0
69 4 0 0 0 0 0 0 0 0
70 4 0 0 0 0 0 0 0 0
71 4 0 0 0 0 0 0 0 0
72 4 0 0 0 0 0 0 0 0
73 4 0 0 0 0 0 0 0 0
74 4 0 0 0 0 0 0 0 0
75 4 0 0 0 0 0 0 0 0
76 4 0 0 0 0 0 0 0 0
77 4 0 0 0 0 0 0 0 0
129 4 1 1 0 0 0 0 0 0
131 4 0 0 0 0 0 0 0 0
138 4 0 0 4 0 0 0 0 0
fl=/build/glibc-mXZSwJ/glibc-2.24/string/../sysdeps/x86_64/strlen.S
fn=strlen
66 35 5 2 0 0 0 0 0 0
67 35 0 0 0 0 0 0 0 0
68 35 0 0 0 0 0 0 0 0
69 35 0 0 0 0 0 0 0 0
70 35 1 1 0 0 0 0 0 0
71 35 0 0 0 0 0 0 0 0
72 35 0 0 0 0 0 0 0 0
74 35 0 0 0 0 0 0 0 0
76 35 0 0 0 0 0 0 0 0
106 32 0 0 32 5 5 0 0 0
107 32 0 0 0 0 0 0 0 0
108 32 1 1 0 0 0 0 0 0
109 32 0 0 0 0 0 0 0 0
110 32 0 0 0 0 0 0 0 0
111 14 0 0 0 0 0 0 0 0
112 14 0 0 14 0 0 0 0 0
116 18 0 0 0 0 0 0 0 0
117 18 0 0 18 0 0 0 0 0
118 18 0 0 18 4 4 0 0 0
119 18 0 0 18 3 3 0 0 0
120 18 1 1 0 0 0 0 0 0
121 18 0 0 0 0 0 0 0 0
122 18 0 0 0 0 0 0 0 0
123 18 0 0 0 0 0 0 0 0
124 18 0 0 0 0 0 0 0 0
125 18 0 0 0 0 0 0 0 0
126 18 0 0 0 0 0 0 0 0
127 18 0 0 0 0 0 0 0 0
132 130 0 0 11 0 0 0 0 0
136 3 3 2 0 0 0 0 0 0
137 42 1 1 12 1 0 0 0 0
138 20 1 1 1 0 0 0 0 0
152 2 0 0 0 0 0 0 0 0
153 2 0 0 0 0 0 0 0 0
154 4 0 0 0 0 0 0 0 0
203 10 1 1 10 3 3 0 0 0
204 10 0 0 10 0 0 0 0 0
205 10 0 0 10 0 0 0 0 0
206 10 1 1 10 0 0 0 0 0
207 10 0 0 0 0 0 0 0 0
208 10 0 0 0 0 0 0 0 0
209 10 0 0 0 0 0 0 0 0
210 10 0 0 0 0 0 0 0 0
212 2 0 0 0 0 0 0 0 0
214 2 0 0 2 2 2 0 0 0
215 2 0 0 2 0 0 0 0 0
216 2 0 0 2 0 0 0 0 0
217 2 0 0 2 0 0 0 0 0
218 2 0 0 0 0 0 0 0 0
219 2 0 0 0 0 0 0 0 0
220 2 0 0 0 0 0 0 0 0
221 2 0 0 0 0 0 0 0 0
222 1 0 0 0 0 0 0 0 0
226 8 2 2 0 0 0 0 0 0
228 9 0 0 0 0 0 0 0 0
229 126 2 2 36 0 0 0 0 0
231 9 0 0 0 0 0 0 0 0
232 9 0 0 0 0 0 0 0 0
233 9 0 0 0 0 0 0 0 0
234 9 0 0 9 0 0 0 0 0
fl=/build/glibc-mXZSwJ/glibc-2.24/string/../sysdeps/x86_64/strrchr.S
fn=rindex
24 1 1 1 0 0 0 0 0 0
25 1 0 0 0 0 0 0 0 0
26 1 0 0 0 0 0 0 0 0
27 1 0 0 0 0 0 0 0 0
28 1 0 0 0 0 0 0 0 0
29 1 0 0 0 0 0 0 0 0
30 1 0 0 0 0 0 0 0 0
31 1 0 0 0 0 0 0 0 0
32 1 0 0 1 1 0 0 0 0
33 1 0 0 0 0 0 0 0 0
34 1 1 1 0 0 0 0 0 0
35 1 0 0 0 0 0 0 0 0
36 1 0 0 0 0 0 0 0 0
37 1 0 0 0 0 0 0 0 0
38 1 0 0 0 0 0 0 0 0
39 1 0 0 0 0 0 0 0 0
40 1 0 0 0 0 0 0 0 0
41 1 0 0 0 0 0 0 0 0
42 1 0 0 0 0 0 0 0 0
43 1 0 0 0 0 0 0 0 0
44 1 0 0 0 0 0 0 0 0
45 1 0 0 0 0 0 0 0 0
46 1 0 0 0 0 0 0 0 0
47 1 0 0 1 0 0 0 0 0
fl=/build/glibc-mXZSwJ/glibc-2.24/string/strdup.c
fn=strdup
40 28 1 1 0 0 0 14 0 0
41 14 0 0 0 0 0 7 0 0
42 14 0 0 0 0 0 7 0 0
44 14 0 0 0 0 0 0 0 0
47 28 0 0 0 0 0 0 0 0
48 21 0 0 14 0 0 0 0 0
fl=/build/glibc-mXZSwJ/glibc-2.24/time/../sysdeps/generic/dl-hash.h
fn=gettimeofday
45 12 0 0 4 0 0 0 0 0
48 12 1 1 0 0 0 0 0 0
62 16 0 0 0 0 0 0 0 0
67 1 0 0 0 0 0 0 0 0
fn=time
45 12 1 1 4 1 1 0 0 0
48 12 0 0 0 0 0 0 0 0
62 16 0 0 0 0 0 0 0 0
67 1 0 0 0 0 0 0 0 0
fl=/build/glibc-mXZSwJ/glibc-2.24/time/../sysdeps/unix/syscall-template.S
fn=setitimer
84 8 1 1 0 0 0 0 0 0
85 2 0 0 2 0 0 0 0 0
fl=/build/glibc-mXZSwJ/glibc-2.24/time/../sysdeps/unix/sysv/linux/x86/gettimeofday.c
fn=gettimeofday
36 1 0 0 0 0 0 0 0 0
37 10 2 2 0 0 0 4 0 0
40 3 0 0 0 0 0 1 0 0
41 3 0 0 0 0 0 0 0 0
42 2 0 0 1 0 0 0 0 0
fl=/build/glibc-mXZSwJ/glibc-2.24/time/../sysdeps/unix/sysv/linux/x86/time.c
fn=time
37 1 0 0 0 0 0 0 0 0
38 10 2 2 0 0 0 4 0 0
41 3 0 0 0 0 0 1 0 0
42 3 0 0 0 0 0 0 0 0
43 2 0 0 1 0 0 0 0 0
fl=/home/lavkush/PTools/nonPareil version C/Instructions.c
fn=Instructions
11 7 1 1 2 0 0 3 0 0
12 1 0 0 0 0 0 1 0 0
13 2 0 0 0 0 0 1 0 0
14 2 0 0 0 0 0 1 0 0
15 2 1 1 0 0 0 1 0 0
16 2 0 0 0 0 0 1 0 0
17 2 0 0 0 0 0 1 0 0
18 2 0 0 0 0 0 1 0 0
19 2 0 0 0 0 0 1 0 0
23 7 1 1 0 0 0 2 0 0
24 10 0 0 0 0 0 2 0 0
25 6 0 0 2 0 0 0 0 0
28 2 0 0 0 0 0 1 0 0
31 3 1 1 0 0 0 1 0 0
fl=/home/lavkush/PTools/nonPareil version C/nonPareil.c
fn=main
8 14 1 1 4 0 0 6 0 0
13 80 3 2 50 0 0 2 0 0
15 384 0 0 216 0 0 24 0 0
16 864 0 0 192 0 0 96 0 0
19 4 0 0 0 0 0 2 0 0
20 4 1 0 0 0 0 2 0 0
21 4 0 0 0 0 0 2 0 0
22 6 1 1 0 0 0 2 0 0
23 10 0 0 0 0 0 2 0 0
27 8 1 0 2 0 0 0 0 0
33 2 1 1 0 0 0 1 0 0
36 2 0 0 0 0 0 1 0 0
fl=???
fn=???
0 206 20 14 129 2 0 22 2 1
fn=__gmon_start__
0 11 2 2 2 2 1 2 0 0
fn=__libc_csu_init
0 34 2 2 8 2 0 8 0 0
fn=_start
0 11 1 1 2 0 0 3 0 0
fn=atexit
0 6 2 2 1 1 0 0 0 0
summary: 190106 1239 1036 48504 2485 2018 15843 663 589
